"NPar" "Animal" "tb" "LS" "d" "gamv" "Nv" "T" "NPeak" "tvstar" "downtv90" "uptv90" "downtv95" "uptv95" "vavgstar" "vnull" "b" "Window90" "Window95"
1 "Multimammate_Rat" 121.6 365 0.00273972602739726 0.0714285714285714 500 365 1000 140.894149304552 59.6591836734694 297.895918367347 89.4387755102041 253.226530612245 0.515340467537004 0.478959332269198 6.11226995465377 238.236734693878 163.787755102041
2 "Raccoon" 45.6 912.5 0.0010958904109589 0.0714285714285714 500 365 1000 46.9576922483311 22.434693877551 238.336734693878 37.3244897959184 156.442857142857 0.724790094137099 0.666110241636602 7.4119746023973 215.902040816327 119.118367346939
3 "Raccoon" 167.2 912.5 0.0010958904109589 0.0714285714285714 500 365 1000 168.556875019057 22.434693877551 342.565306122449 96.8836734693877 260.671428571429 0.679885235132963 0.643050476903377 2.15793025634765 320.130612244898 163.787755102041
4 "Fox" 60.8 912.5 0.0010958904109589 0.0714285714285714 500 365 1000 62.1513127560474 29.8795918367347 253.226530612245 44.769387755102 163.887755102041 0.719032208151383 0.663190192423664 5.60502014964805 223.34693877551 119.118367346939
5 "Fox" 91.2 912.5 0.0010958904109589 0.0714285714285714 500 365 1000 92.559291236028 29.8795918367347 283.00612244898 59.6591836734694 193.667346938775 0.707604758058843 0.657362289084404 3.79856695128514 253.126530612245 134.008163265306
6 "Possum" 60.8 2372.5 0.000421496311907271 0.0714285714285714 500 365 1000 62.0515655408169 0.1 364.9 29.8795918367347 223.44693877551 0.859524418624127 0.819640558947563 2.37551049303059 364.8 193.567346938775
7 "Possum" 121.6 2372.5 0.000421496311907271 0.0714285714285714 500 365 1000 122.052046594501 0.1 364.9 44.769387755102 283.00612244898 0.848798329751844 0.816849325285108 1.20297370109935 364.8 238.236734693878
8 "Badger" 60.8 1460 0.000684931506849315 0.0714285714285714 500 365 1000 64.7604968049306 14.9897959183673 297.895918367347 37.3244897959184 186.222448979592 0.794795804062657 0.745427116242608 3.71442393189189 282.90612244898 148.897959183674
9 "Deer" 15.2 1825 0.000547945205479452 0.0714285714285714 500 365 1000 16.7015136024359 7.54489795918367 290.451020408163 14.9897959183673 156.442857142857 0.836369562699184 0.784712067504585 11.9753400957551 282.906122448979 141.45306122449
10 "Deer" 152 1825 0.000547945205479452 0.0714285714285714 500 365 1000 152.250071526594 0.1 364.9 59.6591836734694 283.00612244898 0.806770602750224 0.775066002239777 1.24291294596223 364.8 223.346938775511
11 "Elk" 60.8 3650 0.000273972602739726 0.0714285714285714 500 365 1000 61.2428075055064 0.1 364.9 22.434693877551 283.00612244898 0.902848601329167 0.871973978418973 1.57824620661237 364.8 260.571428571429
12 "Pig" 152 3650 0.000273972602739726 0.0714285714285714 500 365 1000 152.847540049462 0.1 364.9 0.1 364.9 0.891468639710556 0.869987026149005 0.639196063667729 364.8 364.8
13 "Pig" 364.8 3650 0.000273972602739726 0.0714285714285714 500 365 1000 359.475312009231 0.1 364.9 0.1 364.9 0.866166618795185 0.866102747676963 0.274115422018231 364.8 364.8
14 "Sheep" 60.8 2372.5 0.000421496311907271 0.0714285714285714 500 365 1000 62.0515655408169 0.1 364.9 29.8795918367347 223.44693877551 0.859524418624127 0.819640558947563 2.37551049303059 364.8 193.567346938775
15 "Sheep" 91.2 2372.5 0.000421496311907271 0.0714285714285714 500 365 1000 90.7976325967943 0.1 364.9 37.3244897959184 253.226530612245 0.854068540268155 0.818242426055848 1.59379790889814 364.8 215.902040816327
16 "Buffalo" 121.6 6570 0.00015220700152207 0.0714285714285714 500 365 1000 121.429686578067 0.1 364.9 0.1 364.9 0.937874389814233 0.922638980311693 0.448537622288367 364.8 364.8
17 "Buffalo" 364.8 6570 0.00015220700152207 0.0714285714285714 500 365 1000 257.339552527422 0.1 364.9 0.1 364.9 0.921042868416609 0.920803648073464 0.152288151848822 364.8 364.8
18 "Bison" 30.4 3650 0.000273972602739726 0.0714285714285714 500 365 1000 31.7602507877124 0.1 364.9 14.9897959183673 253.226530612245 0.906231130063771 0.872741491756763 3.14340215662674 364.8 238.236734693878
19 "Bison" 121.6 3650 0.000273972602739726 0.0714285714285714 500 365 1000 120.966299551994 0.1 364.9 14.9897959183673 342.565306122449 0.895174073804854 0.870740665449893 0.795695373896719 364.8 327.575510204082
20 "Fruit Bat" 60.8 3650 0.000273972602739726 0.0714285714285714 500 365 1000 61.2428075055064 0.1 364.9 22.434693877551 283.00612244898 0.902848601329167 0.871973978418973 1.57824620661237 364.8 260.571428571429
