"NPar" "Animal" "tb" "LS" "d" "gamv" "Nv" "T" "NPeak" "tvstar" "downtv90" "uptv90" "downtv95" "uptv95" "vavgstar" "vnull" "b" "Window90" "Window95"
1 "Multimammate_Rat" 121.6 365 0.00273972602739726 0.0714285714285714 500 365 1000 119.318472299922 37.3244897959184 268.116326530612 74.5489795918367 193.667346938775 0.500190257417577 0.46141388395204 6.11226995465377 230.791836734694 119.118367346938
2 "Raccoon" 45.6 912.5 0.0010958904109589 0.0714285714285714 500 365 1000 46.4425428810459 22.434693877551 223.44693877551 37.3244897959184 134.108163265306 0.721896511408514 0.659306056471306 7.4119746023973 201.012244897959 96.7836734693876
3 "Raccoon" 167.2 912.5 0.0010958904109589 0.0714285714285714 500 365 1000 167.599362430885 14.9897959183673 350.010204081633 81.9938775510204 253.226530612245 0.676240823548208 0.640511336327131 2.15793025634765 335.020408163266 171.232653061225
4 "Fox" 60.8 912.5 0.0010958904109589 0.0714285714285714 500 365 1000 60.7079690443169 22.434693877551 238.336734693878 44.769387755102 148.997959183673 0.715976094035269 0.657034482153345 5.60502014964805 215.902040816327 104.228571428571
5 "Fox" 91.2 912.5 0.0010958904109589 0.0714285714285714 500 365 1000 91.0713673296253 29.8795918367347 275.561224489796 59.6591836734694 178.777551020408 0.704325368952601 0.652416573770128 3.79856695128514 245.681632653061 119.118367346939
6 "Possum" 60.8 2372.5 0.000421496311907271 0.0714285714285714 500 365 1000 61.773350214641 0.1 364.9 29.8795918367347 216.002040816326 0.858969111086139 0.818510190756883 2.37551049303059 364.8 186.122448979591
7 "Possum" 121.6 2372.5 0.000421496311907271 0.0714285714285714 500 365 1000 121.565480450462 0.1 364.9 44.769387755102 275.561224489796 0.848381300384752 0.816128787902772 1.20297370109935 364.8 230.791836734694
8 "Badger" 60.8 1460 0.000684931506849315 0.0714285714285714 500 365 1000 60.4786259170304 14.9897959183673 297.895918367347 37.3244897959184 178.777551020408 0.793324268536498 0.742714554276572 3.71442393189189 282.90612244898 141.45306122449
9 "Deer" 15.2 1825 0.000547945205479452 0.0714285714285714 500 365 1000 15.9572850886005 7.54489795918367 283.00612244898 14.9897959183673 148.997959183673 0.836117184465592 0.78230492397568 11.9753400957551 275.461224489796 134.008163265306
10 "Deer" 152 1825 0.000547945205479452 0.0714285714285714 500 365 1000 152.047765018812 0.1 364.9 52.2142857142857 283.00612244898 0.80562263529969 0.774180558529112 1.24291294596223 364.8 230.791836734694
11 "Elk" 60.8 3650 0.000273972602739726 0.0714285714285714 500 365 1000 61.2265664296309 0.1 364.9 22.434693877551 283.00612244898 0.902573020343471 0.871466470587971 1.57824620661237 364.8 260.571428571429
12 "Pig" 152 3650 0.000273972602739726 0.0714285714285714 500 365 1000 152.911547555629 0.1 364.9 0.1 364.9 0.891289095201703 0.86973874167312 0.639196063667729 364.8 364.8
13 "Pig" 364.8 3650 0.000273972602739726 0.0714285714285714 500 365 1000 359.475312088356 0.1 364.9 0.1 364.9 0.866166618805055 0.86610274498514 0.274115422018231 364.8 364.8
14 "Sheep" 60.8 2372.5 0.000421496311907271 0.0714285714285714 500 365 1000 61.773350214641 0.1 364.9 29.8795918367347 216.002040816326 0.858969111086139 0.818510190756883 2.37551049303059 364.8 186.122448979591
15 "Sheep" 91.2 2372.5 0.000421496311907271 0.0714285714285714 500 365 1000 92.4727923326879 0.1 364.9 37.3244897959184 245.781632653061 0.85349564478035 0.817332265099766 1.59379790889814 364.8 208.457142857143
16 "Buffalo" 121.6 6570 0.00015220700152207 0.0714285714285714 500 365 1000 121.501419230736 0.1 364.9 0.1 364.9 0.937786611787707 0.922530445348666 0.448537622288367 364.8 364.8
17 "Buffalo" 364.8 6570 0.00015220700152207 0.0714285714285714 500 365 1000 257.347236706267 0.1 364.9 0.1 364.9 0.921042625054718 0.920803646578216 0.152288151848822 364.8 364.8
18 "Bison" 30.4 3650 0.000273972602739726 0.0714285714285714 500 365 1000 31.6434544743501 0.1 364.9 14.9897959183673 253.226530612245 0.906010047010425 0.872129675950055 3.14340215662674 364.8 238.236734693878
19 "Bison" 121.6 3650 0.000273972602739726 0.0714285714285714 500 365 1000 120.964946840486 0.1 364.9 14.9897959183673 342.565306122449 0.894926771875677 0.870416997423764 0.795695373896719 364.8 327.575510204082
20 "Fruit Bat" 60.8 3650 0.000273972602739726 0.0714285714285714 500 365 1000 61.2265664296309 0.1 364.9 22.434693877551 283.00612244898 0.902573020343471 0.871466470587971 1.57824620661237 364.8 260.571428571429
