"d" "gamv" "rho" "tv" "tb" "T" "NPeak" "b" "Nv" "npar" "MaxSusfrac" "MaxVfrac" "AvgSusfrac" "AvgVfrac" "MinSusfrac" "MinVfrac" "VAbund" "NPopAbund" "VdivNPop"
0.00273972602739726 0.0714285714285714 0.25 0 91.2 365 30000 234.992632710779 7500 1 0.764690970980835 0.405098962459693 0.741267191320652 0.258732808679348 0.594901037540307 0.235309029019165 5516.12637036393 21411.4065216591 0.2576255961879
0.00273972602739726 0.0714285714285714 0.5 0 91.2 365 30000 234.992632710779 15000 2 0.632438627624698 0.632776308810049 0.595850432045452 0.404149567954548 0.367223691189951 0.367561372375302 8616.39304497321 21411.4313869224 0.402420225405196
0.00273972602739726 0.0714285714285714 0.75 0 91.2 365 30000 234.992632710779 22500 3 0.632438627624698 0.632776308810049 0.595850432045452 0.404149567954548 0.367223691189951 0.367561372375302 8616.39304497321 21411.4313869224 0.402420225405196
0.00273972602739726 0.0714285714285714 0.25 15.2083333333333 91.2 365 30000 234.992632710779 7500 4 0.795993880390437 0.366193388254538 0.732661601824003 0.267338398175997 0.633806611745462 0.204006119609563 5747.50670730945 21411.4304154424 0.268431701936373
0.00273972602739726 0.0714285714285714 0.5 15.2083333333333 91.2 365 30000 234.992632710779 15000 5 0.660934636273668 0.608626359334686 0.555674143719807 0.444325856280193 0.391373640665314 0.339065363726332 9552.5601725623 21411.4328997031 0.446142965644058
0.00273972602739726 0.0714285714285714 0.75 15.2083333333333 91.2 365 30000 234.992632710779 22500 6 0.631054424993398 0.66226177343172 0.516517750633182 0.483482249366818 0.33773822656828 0.368945575006602 10394.3862040379 21411.4386969643 0.485459494392199
0.00273972602739726 0.0714285714285714 0.25 30.4166666666667 91.2 365 30000 234.992632710779 7500 7 0.819178661399721 0.335273469515387 0.725215889679714 0.274784110320286 0.664726530484613 0.180821338600279 5918.17908799636 21411.4860153908 0.276402071474269
0.00273972602739726 0.0714285714285714 0.5 30.4166666666667 91.2 365 30000 234.992632710779 15000 8 0.693522647965604 0.568247545673809 0.534273926606012 0.465726073393988 0.431752454326191 0.306477352034396 10030.5706788859 21411.425951762 0.468468130122856
0.00273972602739726 0.0714285714285714 0.75 30.4166666666667 91.2 365 30000 234.992632710779 22500 9 0.63030853056506 0.685477800014407 0.438194351404342 0.561805648595658 0.314522199985593 0.36969146943494 12099.8946395941 21411.4333688807 0.565113714300887
0.00273972602739726 0.0714285714285714 0.25 45.625 91.2 365 30000 234.992632710779 7500 10 0.836970481854343 0.310134192644576 0.718304702065824 0.281695297934176 0.689865807355424 0.163029518145657 6047.66497130998 21411.4867372284 0.282449558292224
0.00273972602739726 0.0714285714285714 0.5 45.625 91.2 365 30000 234.992632710779 15000 11 0.719386398569035 0.533816455554059 0.515133510833498 0.484866489166502 0.466183544445941 0.280613601430965 10409.4892082956 21411.444107665 0.486164742366402
0.00273972602739726 0.0714285714285714 0.75 45.625 91.2 365 30000 234.992632710779 22500 12 0.630569483949581 0.702774535733997 0.361668546476811 0.638331453523189 0.297225464266003 0.369430516050419 13704.1918410735 21411.4409349845 0.640040615794428
0.00273972602739726 0.0714285714285714 0.25 60.8333333333333 91.2 365 30000 234.992632710779 7500 13 0.851020272831345 0.310109132039626 0.711504523141282 0.288495476858718 0.689890867960374 0.148979727168655 6150.09286341964 21411.4954396146 0.287233223889678
0.00273972602739726 0.0714285714285714 0.5 60.8333333333333 91.2 365 30000 234.992632710779 15000 14 0.74040950182067 0.540352661890456 0.497308447617089 0.502691552382911 0.459647338109544 0.25959049817933 10716.2312595312 21411.3921979162 0.500492035290172
0.00273972602739726 0.0714285714285714 0.75 60.8333333333333 91.2 365 30000 234.992632710779 22500 15 0.655028505742478 0.718076771583358 0.3319888892948 0.6680111107052 0.281923228416642 0.344971494257522 14240.5118018148 21411.4655694512 0.66508813960556
0.00273972602739726 0.0714285714285714 0.25 76.0416666666667 91.2 365 30000 234.992632710779 7500 16 0.863550064685848 0.327654778975126 0.704681659581154 0.295318340418846 0.672345221024874 0.136449935314152 6233.3051928134 21411.441881533 0.291120291071547
0.00273972602739726 0.0714285714285714 0.5 76.0416666666667 91.2 365 30000 234.992632710779 15000 17 0.759858752775123 0.576646824136423 0.480262713767753 0.519737286232247 0.423353175863577 0.240141247224877 10970.1167165134 21411.412285948 0.512349048722627
0.00273972602739726 0.0714285714285714 0.75 76.0416666666667 91.2 365 30000 234.992632710779 22500 18 0.678393482833859 0.772267741556646 0.303947748147141 0.696052251852859 0.227732258443354 0.321606517166141 14691.6222129702 21411.4383295423 0.686157650263948
0.00273972602739726 0.0714285714285714 0.25 91.25 91.2 365 30000 234.992632710779 7500 19 0.8727766621557 0.345287238290443 0.698014391166263 0.301985608833737 0.654712761709557 0.1272233378443 6301.31078794224 21411.4417410938 0.294296426375086
0.00273972602739726 0.0714285714285714 0.5 91.25 91.2 365 30000 234.992632710779 15000 20 0.774215939307665 0.612783244055117 0.464064363509189 0.535935636490811 0.387216755944883 0.225784060692335 11182.9738881008 21411.4421601759 0.52228961526471
0.00273972602739726 0.0714285714285714 0.75 91.25 91.2 365 30000 234.992632710779 22500 21 0.695633276094692 0.826058447534806 0.277556661458513 0.722443338541487 0.173941552465194 0.304366723905308 15074.6833720067 21411.4245659456 0.704048594505133
0.00273972602739726 0.0714285714285714 0.25 106.458333333333 91.2 365 30000 234.992632710779 7500 22 0.868279681923346 0.358052943927716 0.696252940101608 0.303747059898392 0.641947056072284 0.131720318076654 6268.22912388482 21411.4806771279 0.29275084794022
0.00273972602739726 0.0714285714285714 0.5 106.458333333333 91.2 365 30000 234.992632710779 15000 23 0.767223365953148 0.632752580668694 0.46321714421171 0.53678285578829 0.367247419331306 0.232776634046852 11077.2083456729 21411.4296927803 0.517350242585996
0.00273972602739726 0.0714285714285714 0.75 106.458333333333 91.2 365 30000 234.992632710779 22500 24 0.687225055217142 0.850210441395686 0.278741003982749 0.721258996017251 0.149789558604314 0.312774944782858 14884.1564710449 21411.4907502299 0.695148070009329
0.00273972602739726 0.0714285714285714 0.25 121.666666666667 91.2 365 30000 234.992632710779 7500 25 0.863434775261367 0.37122276080616 0.694831757746122 0.305168242253878 0.62877723919384 0.136565224738633 6234.14756511047 21411.5066933836 0.291158751898431
0.00273972602739726 0.0714285714285714 0.5 121.666666666667 91.2 365 30000 234.992632710779 15000 26 0.759697179235187 0.65321064749407 0.463025839673416 0.536974160326584 0.34678935250593 0.240302820764813 10969.5687960271 21411.4279605277 0.512323083553775
0.00273972602739726 0.0714285714285714 0.75 121.666666666667 91.2 365 30000 234.992632710779 22500 27 0.678199427283954 0.874743954480096 0.280926354275287 0.719073645724713 0.125256045519904 0.321800572716046 14689.6065603686 21411.44510071 0.686063294246377
0.00273972602739726 0.0714285714285714 0.25 136.875 91.2 365 30000 234.992632710779 7500 28 0.858458606379466 0.384749376046131 0.693820960225034 0.306179039774966 0.615250623953869 0.141541393620534 6198.10375174195 21411.35879363 0.289477366265326
0.00273972602739726 0.0714285714285714 0.5 136.875 91.2 365 30000 234.992632710779 15000 29 0.752006759755008 0.6741154797841 0.463546588210602 0.536453411789398 0.3258845202159 0.247993240244992 10859.6785194361 21411.431454286 0.507190681885132
0.00273972602739726 0.0714285714285714 0.75 136.875 91.2 365 30000 234.992632710779 22500 30 0.669051171275121 0.899639752404766 0.284082664865764 0.715917335134236 0.100360247595234 0.330948828724879 14492.657220889 21411.4605793424 0.676864484194572
0.00273972602739726 0.0714285714285714 0.25 152.083333333333 91.2 365 30000 234.992632710779 7500 31 0.853308076398761 0.398749922750742 0.693153892613984 0.306846107386016 0.601250077249258 0.146691923601239 6162.12795716786 21411.4363661385 0.287796103530591
0.00273972602739726 0.0714285714285714 0.5 152.083333333333 91.2 365 30000 234.992632710779 15000 32 0.744160078922297 0.695444890626115 0.464841112903658 0.535158887096342 0.304555109373885 0.255839921077703 10747.1362905067 21411.4324446715 0.501934483751986
0.00273972602739726 0.0714285714285714 0.75 152.083333333333 91.2 365 30000 234.992632710779 22500 33 0.659749009592671 0.924897575746565 0.288288104820631 0.711711895179369 0.0751024242534349 0.340250990407329 14292.6946894947 21411.400349118 0.667527319859929
0.00273972602739726 0.0714285714285714 0.25 167.291666666667 91.2 365 30000 234.992632710779 7500 34 0.848022715272045 0.413116885021467 0.692945922984863 0.307054077015137 0.586883114978533 0.151977284727955 6124.34795600008 21411.4504312444 0.286031437975972
0.00273972602739726 0.0714285714285714 0.5 167.291666666667 91.2 365 30000 234.992632710779 15000 35 0.73614295739386 0.71723887778309 0.466904404672743 0.533095595327257 0.28276112221691 0.26385704260614 10632.8695193512 21411.4679044927 0.496596943599562
0.00273972602739726 0.0714285714285714 0.75 167.291666666667 91.2 365 30000 234.992632710779 22500 36 0.650333468957998 0.950491767678297 0.293535583225685 0.706464416774315 0.0495082323217032 0.349666531042002 14090.8141099936 21411.4885591573 0.658095959608898
0.00273972602739726 0.0714285714285714 0.25 182.5 91.2 365 30000 234.992632710779 7500 37 0.842578484172729 0.427915411386609 0.693184956408961 0.306815043591039 0.572084588613391 0.157421515827271 6085.57060420789 21411.5103985535 0.284219585210533
0.00273972602739726 0.0714285714285714 0.5 182.5 91.2 365 30000 234.992632710779 15000 38 0.727962112266605 0.739474489488098 0.469811787988737 0.530188212011263 0.260525510511902 0.272037887733395 10516.0872961054 21411.4351864327 0.491143503671765
0.00273972602739726 0.0714285714285714 0.75 182.5 91.2 365 30000 234.992632710779 22500 39 0.640811646225265 0.976373730425107 0.299941031202232 0.700058968797768 0.0236262695748932 0.359188353774735 13885.3864153965 21411.4492209091 0.648502876761693
0.00273972602739726 0.0714285714285714 0.25 197.708333333333 91.2 365 30000 234.992632710779 7500 40 0.836970752954898 0.443157629941679 0.693896862535244 0.306103137464756 0.556842370058321 0.163029247045102 6045.7963133176 21411.4153640005 0.282363225902504
0.00273972602739726 0.0714285714285714 0.5 197.708333333333 91.2 365 30000 234.992632710779 15000 41 0.719630417767567 0.762120349781646 0.47359599283025 0.52640400716975 0.237879650218354 0.280369582232433 10396.9966404119 21411.486850792 0.485580320174137
0.00273972602739726 0.0714285714285714 0.75 197.708333333333 91.2 365 30000 234.992632710779 22500 42 0.6321256070999 0.999981893379069 0.309280664856528 0.690719335143472 1.81066209311576e-05 0.3678743929001 13642.2907404991 21411.4141756543 0.637150382902357
0.00273972602739726 0.0714285714285714 0.25 212.916666666667 91.2 365 30000 234.992632710779 7500 43 0.831199328891142 0.458842196786258 0.695116387978454 0.304883612021546 0.541157803213742 0.168800671108858 6005.02558027089 21411.4910400736 0.28045807594772
0.00273972602739726 0.0714285714285714 0.5 212.916666666667 91.2 365 30000 234.992632710779 15000 44 0.711163829323552 0.785128423294608 0.478311422276294 0.521688577723706 0.214871576705392 0.288836170676448 10275.2017485276 21411.4081367116 0.479893787597739
0.00273972602739726 0.0714285714285714 0.75 212.916666666667 91.2 365 30000 234.992632710779 22500 45 0.632125461134349 0.999976337606645 0.335553982781552 0.664446017218448 2.36623933549396e-05 0.367874538865651 13086.9870901898 21411.4525195475 0.611214352610691
0.00273972602739726 0.0714285714285714 0.25 228.125 91.2 365 30000 234.992632710779 7500 46 0.825279568704582 0.474956555586889 0.696886461294366 0.303113538705634 0.525043444413111 0.174720431295418 5962.90655398434 21411.4307720714 0.278491737308943
0.00273972602739726 0.0714285714285714 0.5 228.125 91.2 365 30000 234.992632710779 15000 47 0.702516385990664 0.808614945415776 0.483931164680477 0.516068835319523 0.191385054584224 0.297483614009336 10152.2487435388 21411.409515342 0.474151350767652
0.00273972602739726 0.0714285714285714 0.75 228.125 91.2 365 30000 234.992632710779 22500 48 0.63211237208743 0.999984718708828 0.361795674611219 0.638204325388781 1.5281291171676e-05 0.36788762791257 12554.953979559 21411.4458575455 0.586366472544151
0.00273972602739726 0.0714285714285714 0.25 243.333333333333 91.2 365 30000 234.992632710779 7500 49 0.819178434492835 0.491471792421083 0.699220995227831 0.300779004772169 0.508528207578917 0.180821565507165 5919.9372511043 21411.4611982614 0.276484505017574
0.00273972602739726 0.0714285714285714 0.5 243.333333333333 91.2 365 30000 234.992632710779 15000 50 0.693744693129302 0.832399770413141 0.490574508653566 0.509425491346434 0.167600229586859 0.306255306870698 10026.5083064511 21411.4351997003 0.468278198679154
0.00273972602739726 0.0714285714285714 0.75 243.333333333333 91.2 365 30000 234.992632710779 22500 51 0.632116828707054 0.999903693491612 0.388062666592183 0.611937333407817 9.63065083882109e-05 0.367883171292946 12044.143171722 21411.4311026188 0.562509956200401
0.00273972602739726 0.0714285714285714 0.25 258.541666666667 91.2 365 30000 234.992632710779 7500 52 0.812926564861866 0.50835833645681 0.702177427266547 0.297822572733453 0.49164166354319 0.187073435138134 5875.46670176829 21411.4057987338 0.274408264314702
0.00273972602739726 0.0714285714285714 0.5 258.541666666667 91.2 365 30000 234.992632710779 15000 53 0.684825831299277 0.856462680916447 0.498239899473731 0.501760100526269 0.143537319083553 0.315174168700723 9898.76889628444 21411.4202789996 0.462312577460973
0.00273972602739726 0.0714285714285714 0.75 258.541666666667 91.2 365 30000 234.992632710779 22500 54 0.632112936592015 0.999705850121747 0.414320502433833 0.585679497566167 0.000294149878252825 0.367887063407985 11554.3457039533 21411.4333288079 0.539634387222808
0.00273972602739726 0.0714285714285714 0.25 273.75 91.2 365 30000 234.992632710779 7500 55 0.806503102533682 0.525488178288099 0.705767282602486 0.294232717397514 0.474511821711901 0.193496897466318 5829.99360953444 21411.4410862339 0.272284036653783
0.00273972602739726 0.0714285714285714 0.5 273.75 91.2 365 30000 234.992632710779 15000 56 0.675766137304712 0.88053749866261 0.50696839550389 0.49303160449611 0.11946250133739 0.324233862695288 9769.09025794589 21411.5413582422 0.456253480050625
0.00273972602739726 0.0714285714285714 0.75 273.75 91.2 365 30000 234.992632710779 22500 57 0.632126579904015 0.999048462997406 0.440600924673433 0.559399075326567 0.000951537002594316 0.367873420095985 11084.0308492412 21411.4483936123 0.517668428846128
0.00273972602739726 0.0714285714285714 0.25 288.958333333333 91.2 365 30000 234.992632710779 7500 58 0.799916738794045 0.542379974035133 0.710044695003187 0.289955304996813 0.457620025964867 0.200083261205955 5783.07846710537 21411.490571822 0.270092287489598
0.00273972602739726 0.0714285714285714 0.5 288.958333333333 91.2 365 30000 234.992632710779 15000 59 0.666566857033485 0.903861345255441 0.516789403086474 0.483210596913526 0.0961386547445585 0.333433142966515 9637.4394522747 21411.4349208061 0.450107126772234
0.00273972602739726 0.0714285714285714 0.75 288.958333333333 91.2 365 30000 234.992632710779 22500 60 0.632124269458972 0.997223258336377 0.466873233139611 0.533126766860389 0.00277674166362263 0.367875730541028 10632.9662149281 21411.3933888018 0.496603187931206
0.00273972602739726 0.0714285714285714 0.25 304.166666666667 91.2 365 30000 234.992632710779 7500 61 0.793166190308047 0.557629973660129 0.715006301088141 0.284993698911859 0.442370026339871 0.206833809691953 5735.16513641916 21411.4182952741 0.267855452512691
0.00273972602739726 0.0714285714285714 0.5 304.166666666667 91.2 365 30000 234.992632710779 15000 62 0.657233428331262 0.92410860170869 0.527711939201158 0.472288060798842 0.0758913982913102 0.342766571668738 9504.27761515986 21411.4282910281 0.443888071639871
0.00273972602739726 0.0714285714285714 0.75 304.166666666667 91.2 365 30000 234.992632710779 22500 63 0.63212267443211 0.991812205959608 0.493106053137022 0.506893946862978 0.00818779404039249 0.36787732556789 10200.6694080627 21411.4647200747 0.476411564618412
0.00273972602739726 0.0714285714285714 0.25 319.375 91.2 365 30000 234.992632710779 7500 64 0.786255891973375 0.566921803993464 0.720701559145081 0.279298440854919 0.433078196006536 0.213744108026625 5685.63787758747 21411.4390969169 0.265542070845961
0.00273972602739726 0.0714285714285714 0.5 319.375 91.2 365 30000 234.992632710779 15000 65 0.647795002816177 0.934166685939746 0.539775421995375 0.460224578004625 0.0658333140602535 0.352204997183823 9368.72024054981 21411.4277946127 0.437557006025869
0.00273972602739726 0.0714285714285714 0.75 319.375 91.2 365 30000 234.992632710779 22500 66 0.632137074627369 0.975695141254716 0.519315385670087 0.480684614329913 0.024304858745284 0.367862925372631 9785.23636074666 21411.4569311396 0.457009366163943
0.00273972602739726 0.0714285714285714 0.25 334.583333333333 91.2 365 30000 234.992632710779 7500 67 0.779178261544483 0.557102280389712 0.727095083103187 0.272904916896813 0.442897719610288 0.220821738455517 5634.36020014683 21411.3467075847 0.263148333315761
0.00273972602739726 0.0714285714285714 0.5 334.583333333333 91.2 365 30000 234.992632710779 15000 68 0.638266373267453 0.912605125534177 0.552948239328293 0.447051760671707 0.0873948744658227 0.361733626732547 9229.81689396812 21411.4346688594 0.431069521342812
0.00273972602739726 0.0714285714285714 0.75 334.583333333333 91.2 365 30000 234.992632710779 22500 69 0.632154548859712 0.928025419762435 0.545393844182591 0.454606155817409 0.0719745802375651 0.367845451140288 9385.77969965284 21411.4374461254 0.438353553948396
0.00273972602739726 0.0714285714285714 0.25 349.791666666667 91.2 365 30000 234.992632710779 7500 70 0.771995607415687 0.489055702344624 0.73412319213078 0.26587680786922 0.510944297655376 0.228004392584313 5578.80641335254 21411.4248387135 0.260552786905878
0.00273972602739726 0.0714285714285714 0.5 349.791666666667 91.2 365 30000 234.992632710779 15000 71 0.632219681076164 0.788867191978312 0.571130585230851 0.428869414769149 0.211132808021688 0.367780318923836 8998.84375740912 21411.4531101536 0.420281786159657
0.00273972602739726 0.0714285714285714 0.75 349.791666666667 91.2 365 30000 234.992632710779 22500 72 0.632219681076164 0.788867191978312 0.571130585230851 0.428869414769149 0.211132808021688 0.367780318923836 8998.84375740912 21411.4531101536 0.420281786159657
0.00273972602739726 0.0714285714285714 0.25 365 91.2 365 30000 234.992632710779 7500 73 0.764690970980835 0.405098962459693 0.741267191320652 0.258732808679348 0.594901037540307 0.235309029019165 5516.12637036393 21411.4065216591 0.2576255961879
0.00273972602739726 0.0714285714285714 0.5 365 91.2 365 30000 234.992632710779 15000 74 0.632457614351332 0.632750384993571 0.595869962568025 0.404130037431975 0.367249615006429 0.367542385648668 8615.97051485204 21411.4336006202 0.402400449944765
0.00273972602739726 0.0714285714285714 0.75 365 91.2 365 30000 234.992632710779 22500 75 0.632457614351332 0.632750384993571 0.595869962568025 0.404130037431975 0.367249615006429 0.367542385648668 8615.97051485204 21411.4336006202 0.402400449944765
