"NPar" "d" "gamv" "Nv" "tb" "T" "NPeak" "b" "tvstar" "downtv80" "downtv90" "downtv95" "downtv975" "uptv80" "uptv90" "uptv95" "uptv975" "vavgstar" "vnull"
1 0.00273972602739726 0.0714285714285714 500 1 365 1000 632.98687279884 74.9648824550982 0 0.728786639424159 0.882939510504608 0 0 242.660306793216 193.828438268847 0 0.604113854618997 0.536164316007243
2 0.0010958904109589 0.0714285714285714 500 1 365 1000 329.860633509259 2.36277312484289 0 0.484513726295044 0.740660497694374 0 0 208.805823749202 116.205003158425 0 0.741898177671555 0.67772122392487
3 0.000547945205479452 0.0714285714285714 500 1 365 1000 181.318914264802 11.3948116234996 0 0.224650534811133 0.599521714314233 0 0 286.141169513802 153.259668202924 0 0.837957215306164 0.7881251131751
4 0.000273972602739726 0.0714285714285714 500 1 365 1000 95.1756185294145 3.92176810892946 0 0 0.373065731697968 0 0 365 229.78578990632 0 0.909635109741048 0.875081712805687
5 0.00273972602739726 0.0714285714285714 500 16.1666666666667 365 1000 39.972551362203 75.6505729696335 0 11.827352236516 14.2559964583432 0 0 250.594365632123 201.922574652787 0 0.591411104276068 0.534335955130648
6 0.0010958904109589 0.0714285714285714 500 16.1666666666667 365 1000 20.573754435342 17.5297633488131 0 7.62727405398895 11.9051887180419 0 0 221.120096160647 128.647128280538 0 0.736029064664062 0.672338918310267
7 0.000547945205479452 0.0714285714285714 500 16.1666666666667 365 1000 11.2622668672863 17.1714852728267 0 3.43441237955296 9.79826783754308 0 0 293.536315635304 159.491338460966 0 0.836489651974903 0.784954631484444
8 0.000273972602739726 0.0714285714285714 500 16.1666666666667 365 1000 5.89939086945984 21.0883251228417 0 0 5.43742325980553 0 0 365 246.872712684402 0 0.907324674530687 0.873234516879818
9 0.00273972602739726 0.0714285714285714 500 31.3333333333333 365 1000 21.0523665342457 74.5681595783063 0 16.2339335920968 24.5346910820209 0 0 258.276681304637 209.124563928753 0 0.579848647154872 0.526757013837592
10 0.0010958904109589 0.0714285714285714 500 31.3333333333333 365 1000 10.7033810254204 32.6990719592844 0 13.3868864331378 22.1629127165972 0 0 233.582513837557 142.402310479759 0 0.730223957789482 0.669068178537195
11 0.000547945205479452 0.0714285714285714 500 31.3333333333333 365 1000 5.83499364793903 33.2988305853442 0 5.33027518248285 17.8887988350585 0 0 308.136381263913 175.277184907739 0 0.832778246533068 0.7836891763759
12 0.000273972602739726 0.0714285714285714 500 31.3333333333333 365 1000 3.05015830097225 32.1700183341119 0 0 10.0669200572196 0 0 365 256.556923923281 0 0.906164606005141 0.87278355614395
13 0.00273972602739726 0.0714285714285714 500 46.5 365 1000 14.4782900570037 89.7404890211203 0 24.2913081441398 35.3101302383298 0 0 265.963255939193 215.823477760088 0 0.568469141561263 0.519092984389181
14 0.0010958904109589 0.0714285714285714 500 46.5 365 1000 7.272072225194 47.8576657126512 0 18.6837178114948 32.1108027218307 0 0 246.108445492687 155.358144441209 0 0.724518120698392 0.665992413067338
15 0.000547945205479452 0.0714285714285714 500 46.5 365 1000 3.94813707661431 46.6722335856093 0 6.52011788471257 25.9327938995481 0 0 320.538232828916 187.50553238926 0 0.829923158190741 0.782434025744637
16 0.000273972602739726 0.0714285714285714 500 46.5 365 1000 2.05957078818347 47.3187397767923 0 0 13.0572209588821 0 0 365 272.163348843752 0 0.904237787281566 0.872522179512911
17 0.00273972602739726 0.0714285714285714 500 61.6666666666667 365 1000 11.1408934294673 89.0196512749419 0 31.1423155904014 45.8517947715481 0 0 274.483174789846 223.79124709137 0 0.557001577241816 0.511322536060368
18 0.0010958904109589 0.0714285714285714 500 61.6666666666667 365 1000 5.52884249045798 63.0268478496595 0 23.3682347881998 41.9922285301202 0 0 259.287767351876 169.862281402891 0 0.718702457625159 0.662972348645594
19 0.000547945205479452 0.0714285714285714 500 61.6666666666667 365 1000 2.9894437874909 61.8702087264959 0 6.32774024160168 33.4201935077931 0 0 334.339758957758 202.561734191661 0 0.82652925585748 0.781281897863154
20 0.000273972602739726 0.0714285714285714 500 61.6666666666667 365 1000 1.55624968184934 62.4962820376965 0 0 15.8790218590418 0 0 365 285.870079873773 0 0.902610447492916 0.872130999150465
21 0.00273972602739726 0.0714285714285714 500 76.8333333333333 365 1000 9.12344142553099 104.25703288257 0 38.2300835533464 57.2965329538504 0 0 281.147545435087 231.531383409498 0 0.546158178531716 0.503494144490479
22 0.0010958904109589 0.0714285714285714 500 76.8333333333333 365 1000 4.47402673918379 78.1860908609182 0 26.8908639708429 51.3746280137802 0 0 272.311779222246 183.515935898096 0 0.712990409145416 0.660019704438467
23 0.000547945205479452 0.0714285714285714 500 76.8333333333333 365 1000 2.40926393966306 77.0661759852479 0 4.37737833842653 40.1097972037961 0 0 348.352585667506 217.051948857517 0 0.823145308726655 0.780486721548818
24 0.000273972602739726 0.0714285714285714 500 76.8333333333333 365 1000 1.25164025532701 80.5971130656922 0 0 15.2805103572819 0 0 365 306.780785299729 0 0.899723847498133 0.87175845349907
25 0.00273972602739726 0.0714285714285714 500 92 365 1000 7.77313224175944 115.343137638869 0 44.6662037750672 68.1913969644241 0 0 288.320390884193 239.460339272846 0 0.535558291527546 0.495263703866421
26 0.0010958904109589 0.0714285714285714 500 92 365 1000 3.76715931839113 93.3580515114503 0 29.6767864556923 60.3100758842292 0 0 284.855881526154 197.127291735813 0 0.707304634517256 0.657085121544532
27 0.000547945205479452 0.0714285714285714 500 92 365 1000 2.0203979493208 92.3406156289847 0 0.792008815732539 46.1501388889114 0 0 362.300436525342 230.963875535998 0 0.819866609371322 0.779301935876947
28 0.000273972602739726 0.0714285714285714 500 92 365 1000 1.04746662344524 95.3358600708599 0 0 15.4854061265168 0 0 365 317.790249525215 0 0.898366971659051 0.871294287777268
29 0.00273972602739726 0.0714285714285714 500 107.166666666667 365 1000 6.80671226377708 130.508439729483 0 50.0471964804509 78.5082027455152 0 0 295.854512015799 248.051401427061 0 0.525081006518953 0.487285276238909
30 0.0010958904109589 0.0714285714285714 500 107.166666666667 365 1000 3.26051095560605 108.391474398337 0 30.9156819610959 67.909489144666 0 0 297.395165813861 210.703946067289 0 0.701632936836214 0.654316368159284
31 0.000547945205479452 0.0714285714285714 500 107.166666666667 365 1000 1.74161924717048 107.383118304936 0 0 50.4824848746679 0 0 365 246.027609254332 0 0.816400932415334 0.778060396898359
32 0.000273972602739726 0.0714285714285714 500 107.166666666667 365 1000 0.90108652808824 107.966478890839 0 0 13.6918327398739 0 0 365 332.03389756493 0 0.896873099632374 0.87099806888138
33 0.00273972602739726 0.0714285714285714 500 122.333333333333 365 1000 6.08139647026223 141.631368941313 0 55.2674845360467 89.5297461324104 0 0 303.774995129549 257.020667472054 0 0.514850923778875 0.478587069647676
34 0.0010958904109589 0.0714285714285714 500 122.333333333333 365 1000 2.87961320964456 123.665368018206 0 30.3779007167522 75.6703778225775 0 0 309.969872352418 224.590144387161 0 0.696010311902333 0.651458004441035
35 0.000547945205479452 0.0714285714285714 500 122.333333333333 365 1000 1.53198255962705 125.87557363657 0 0 52.2466054714554 0 0 365 264.072746681973 0 0.812205202267856 0.777218935478995
36 0.000273972602739726 0.0714285714285714 500 122.333333333333 365 1000 0.791004553031884 124.701596560976 0 0 8.23542078415266 0 0 365 347.40759536815 0 0.894883451142685 0.870559816402266
37 0.00273972602739726 0.0714285714285714 500 137.5 365 1000 5.51739787919966 144.50821375599 0 60.0482627817161 99.7564524030287 0 0 310.967564348309 265.114081240977 0 0.505046422567708 0.470300240406567
38 0.0010958904109589 0.0714285714285714 500 137.5 365 1000 2.58285401215144 138.793458289876 0 28.4953788413337 81.2888177370215 0 0 322.622509822699 238.035923481687 0 0.690400871794551 0.648639461327927
39 0.000547945205479452 0.0714285714285714 500 137.5 365 1000 1.3686081639082 136.803007860923 0 0 55.4043020179351 0 0 365 276.993534816074 0 0.809666335649481 0.776101203539284
40 0.000273972602739726 0.0714285714285714 500 137.5 365 1000 0.705209320233741 138.808406949834 0 0 1.04580373034869 0 0 365 361.025761710577 0 0.893249868904269 0.870438452321974
41 0.00273972602739726 0.0714285714285714 500 152.666666666667 365 1000 5.06663485743352 159.674130173833 0 61.9750938723762 109.249243370998 0 0 318.994677175669 274.253749618905 0 0.495247945330904 0.462191633787765
42 0.0010958904109589 0.0714285714285714 500 152.666666666667 365 1000 2.34515708940201 153.962403303475 0 23.0072317741617 87.1252718195974 0 0 335.368647270613 251.602026461613 0 0.684823644643861 0.645872794315453
43 0.000547945205479452 0.0714285714285714 500 152.666666666667 365 1000 1.23770827928413 152.873324804046 0 0 55.9371693687114 0 0 365 290.87373356866 0 0.80664046598361 0.77504657101181
44 0.000273972602739726 0.0714285714285714 500 152.666666666667 365 1000 0.636462532002668 154.523320276278 0 0 0 0 0 365 365 0 0.891283789233714 0.870056688016303
45 0.00273972602739726 0.0714285714285714 500 167.833333333333 365 1000 4.69840547035221 174.946261417681 0 62.6128826497145 118.384185184837 0 0 327.538530208575 282.746708982964 0 0.485324748571807 0.454367554434139
46 0.0010958904109589 0.0714285714285714 500 167.833333333333 365 1000 2.15051047615671 169.176106455138 0 16.0053968133443 91.2146554030828 0 0 348.214884763567 266.66342744858 0 0.679286676294564 0.643205109398011
47 0.000547945205479452 0.0714285714285714 500 167.833333333333 365 1000 1.13047898998341 168.888648387362 0 0 53.0476709362017 0 0 365 305.948232834996 0 0.803111719811673 0.774048593041769
48 0.000273972602739726 0.0714285714285714 500 167.833333333333 365 1000 0.580142316023797 167.864208214178 0 0 0 0 0 365 365 0 0.889877644023702 0.869440202373948
49 0.00273972602739726 0.0714285714285714 500 183 365 1000 4.39218551599193 185.863003473682 0 59.4744268806349 126.753170935792 0 0 335.608301545788 290.361297156352 0 0.476255348130283 0.446795664819886
50 0.0010958904109589 0.0714285714285714 500 183 365 1000 1.98821035869273 184.342237313895 0 3.98351384443531 91.3952461648999 0 0 361.220821975692 279.98450837371 0 0.673772769789206 0.640483418857942
51 0.000547945205479452 0.0714285714285714 500 183 365 1000 1.04103498239155 182.957579804487 0 0 46.1570604342501 0 0 365 318.579423704691 0 0.800131616912979 0.773087109050353
52 0.000273972602739726 0.0714285714285714 500 183 365 1000 0.533159005371091 183.37485634539 0 0 0 0 0 365 365 0 0.887928957871664 0.869461462742063
53 0.00273972602739726 0.0714285714285714 500 198.166666666667 365 1000 4.13373377006449 201.030394388152 0 52.2569825465732 133.413146631676 0 0 344.107090897219 299.059909149433 0 0.466873538890792 0.439464300543225
54 0.0010958904109589 0.0714285714285714 500 198.166666666667 365 1000 1.85082978049808 199.50840173481 0 0 91.2417086563778 0 0 365 294.159556725774 0 0.668292353166672 0.637823830610113
55 0.000547945205479452 0.0714285714285714 500 198.166666666667 365 1000 0.965292670382062 198.522561973506 0 0 39.6753056812619 0 0 365 332.959543727355 0 0.796796140655415 0.771991338081466
56 0.000273972602739726 0.0714285714285714 500 198.166666666667 365 1000 0.493368802551149 199.507483811088 0 0 0 0 0 365 365 0 0.885887150962644 0.869106400855828
57 0.00273972602739726 0.0714285714285714 500 213.333333333333 365 1000 3.9128585877143 216.194789085511 0 37.8561850774082 139.802372814018 0 0 353.901578246695 308.313159309998 0 0.457623723207566 0.432303811002562
58 0.0010958904109589 0.0714285714285714 500 213.333333333333 365 1000 1.73305382194388 212.900547030225 0 0 89.9169982704134 0 0 365 307.850642666877 0 0.662753003348402 0.63515231978253
59 0.000547945205479452 0.0714285714285714 500 213.333333333333 365 1000 0.900329737498591 211.980464198935 0 0 27.1357848369995 0 0 365 347.848552071772 0 0.793326871536164 0.770999836364569
60 0.000273972602739726 0.0714285714285714 500 213.333333333333 365 1000 0.459237552478334 212.296907877805 0 0 0 0 0 365 365 0 0.884092917203971 0.868679980994617
61 0.00273972602739726 0.0714285714285714 500 228.5 365 1000 3.72207395518589 231.361238512288 0 3.09206521526367 141.782355257198 0 0 363.879613486277 317.973533378074 0 0.448521856128181 0.425601986596585
62 0.0010958904109589 0.0714285714285714 500 228.5 365 1000 1.63097866901556 229.827902543485 0 0 81.5611226933383 0 0 365 321.492579613934 0 0.657444007352541 0.632537838316479
63 0.000547945205479452 0.0714285714285714 500 228.5 365 1000 0.843999741112573 227.73134408062 0 0 4.47400472412707 0 0 365 362.136561614392 0 0.790148481936572 0.769930120177763
64 0.000273972602739726 0.0714285714285714 500 228.5 365 1000 0.429638417678603 227.972599857503 0 0 0 0 0 365 365 0 0.882480267389537 0.868273306030041
65 0.00273972602739726 0.0714285714285714 500 243.666666666667 365 1000 3.55575745405182 246.525545936798 0 0 142.907170580944 0 0 365 327.543171006935 0 0.439644095314622 0.418790502418388
66 0.0010958904109589 0.0714285714285714 500 243.666666666667 365 1000 1.54167245254597 244.94835613535 0 0 69.1143687394336 0 0 365 335.036372369983 0 0.652133587176991 0.629833846455383
67 0.000547945205479452 0.0714285714285714 500 243.666666666667 365 1000 0.794690646902363 243.151451753121 0 0 0 0 0 365 365 0 0.786847814684567 0.769020576904079
68 0.000273972602739726 0.0714285714285714 500 243.666666666667 365 1000 0.403725113916554 241.816384166635 0 0 0 0 0 365 365 0 0.880560554976673 0.868170531990552
69 0.00273972602739726 0.0714285714285714 500 258.833333333333 365 1000 3.40960426658171 262.376978355026 0 0 139.780069108297 0 0 365 337.451488255849 0 0.431028042189037 0.412283940067019
70 0.0010958904109589 0.0714285714285714 500 258.833333333333 365 1000 1.46289048653394 260.186335207094 0 0 44.6755266982888 0 0 365 348.346625033208 0 0.647061601300668 0.627551825537432
71 0.000547945205479452 0.0714285714285714 500 258.833333333333 365 1000 0.751168257198677 258.768523947081 0 0 0 0 0 365 365 0 0.784101226586945 0.767986283307323
72 0.000273972602739726 0.0714285714285714 500 258.833333333333 365 1000 0.380849713335416 257.945337004335 0 0 0 0 0 365 365 0 0.878960661684682 0.867837427911804
73 0.00273972602739726 0.0714285714285714 500 274 365 1000 3.28026251530504 276.853620971044 0 0 121.702301998369 0 0 365 347.432451307369 0 0.422653413470087 0.406059123573765
74 0.0010958904109589 0.0714285714285714 500 274 365 1000 1.39288508059846 275.301549819166 0 0 9.10616557364422 0 0 365 362.47259014795 0 0.641934775045041 0.62491819825908
75 0.000547945205479452 0.0714285714285714 500 274 365 1000 0.712471639405101 270.581094078284 0 0 0 0 0 365 365 0 0.78044151700057 0.767133907997301
76 0.000273972602739726 0.0714285714285714 500 274 365 1000 0.360507746554209 272.591641760883 0 0 0 0 0 365 365 0 0.877231694238392 0.86716926351947
77 0.00273972602739726 0.0714285714285714 500 289.166666666667 365 1000 3.16508336045875 292.025036174142 0 0 77.7314265570742 0 0 365 359.224700838648 0 0.41390189615944 0.400063978420791
78 0.0010958904109589 0.0714285714285714 500 289.166666666667 365 1000 1.33027520396081 290.523776695482 0 0 0 0 0 365 365 0 0.63659256727047 0.622411455438148
79 0.000547945205479452 0.0714285714285714 500 289.166666666667 365 1000 0.677841462823434 290.323046841242 0 0 0 0 0 365 365 0 0.777356955504438 0.76604745856188
80 0.000273972602739726 0.0714285714285714 500 289.166666666667 365 1000 0.342300580992539 287.498962501767 0 0 0 0 0 365 365 0 0.875404700932571 0.86709313354578
81 0.00273972602739726 0.0714285714285714 500 304.333333333333 365 1000 3.06194582202921 307.196133414468 0 0 0 0 0 365 365 0 0.405276553916691 0.394165130640926
82 0.0010958904109589 0.0714285714285714 500 304.333333333333 365 1000 1.27395512175235 305.517668990712 0 0 0 0 0 365 365 0 0.631278887399451 0.620043499981253
83 0.000547945205479452 0.0714285714285714 500 304.333333333333 365 1000 0.646669763788671 300.59925477076 0 0 0 0 0 365 365 0 0.773745586197084 0.765019660503795
84 0.000273972602739726 0.0714285714285714 500 304.333333333333 365 1000 0.32590904861196 299.55780301285 0 0 0 0 0 365 365 0 0.873466990104345 0.866848419084035
85 0.00273972602739726 0.0714285714285714 500 319.5 365 1000 2.96913149614209 322.351501103299 0 0 0 0 0 365 365 0 0.396773632814319 0.388462637198527
86 0.0010958904109589 0.0714285714285714 500 319.5 365 1000 1.22302905353252 320.662304961902 0 0 0 0 0 365 365 0 0.625998974190058 0.61746023861877
87 0.000547945205479452 0.0714285714285714 500 319.5 365 1000 0.618464018699803 315.833119291159 0 0 0 0 0 365 365 0 0.771000754606642 0.764162239896473
88 0.000273972602739726 0.0714285714285714 500 319.5 365 1000 0.311074585004874 310.338898197007 0 0 0 0 0 365 365 0 0.871527260421395 0.866481482612935
89 0.00273972602739726 0.0714285714285714 500 334.666666666667 365 1000 2.8852333377541 330.669992968516 0 0 0 0 0 365 365 0 0.388354061887294 0.383001463570215
90 0.0010958904109589 0.0714285714285714 500 334.666666666667 365 1000 1.1767635989632 329.449503124297 0 0 0 0 0 365 365 0 0.620744270860476 0.614990986688258
91 0.000547945205479452 0.0714285714285714 500 334.666666666667 365 1000 0.59282098603727 322.370346143849 0 0 0 0 0 365 365 0 0.76764393488206 0.763159536876321
92 0.000273972602739726 0.0714285714285714 500 334.666666666667 365 1000 0.297585496998097 330.190390185259 0 0 0 0 0 365 365 0 0.869931497995589 0.866254929283016
93 0.00273972602739726 0.0714285714285714 500 349.833333333333 365 1000 2.80908817127071 346.448801787007 0 0 0 0 0 365 365 0 0.380302051633905 0.377684722724533
94 0.0010958904109589 0.0714285714285714 500 349.833333333333 365 1000 1.13455253870117 340.576055710379 0 0 0 0 0 365 365 0 0.615633008372535 0.612618153468496
95 0.000547945205479452 0.0714285714285714 500 349.833333333333 365 1000 0.569407352696035 345.027907282524 0 0 0 0 0 365 365 0 0.76465949412091 0.762104451320374
96 0.000273972602739726 0.0714285714285714 500 349.833333333333 365 1000 0.285266802380514 339.021590266221 0 0 0 0 0 365 365 0 0.868083983803757 0.866123454934252
97 0.00273972602739726 0.0714285714285714 500 365 365 1000 2.73972602739726 2.47359351132282 0 0 0 0 0 365 365 0 0.37250996746174 0.372314104427574
98 0.0010958904109589 0.0714285714285714 500 365 365 1000 1.0958904109589 3.42893662346432 0 0 0 0 0 365 365 0 0.610511342185364 0.610351201140551
99 0.000547945205479452 0.0714285714285714 500 365 365 1000 0.547945205479452 270.362536328986 0 0 0 0 0 365 365 0 0.761635730162441 0.761371998306507
100 0.000273972602739726 0.0714285714285714 500 365 365 1000 0.273972602739726 1.45078408961477 0 0 0 0 0 365 365 0 0.865726485723691 0.865618923747205
