"NPar" "b" "d" "rho" "gamv" "tb" "T" "NPeak" "tvstar" "downtv80" "uptv80" "downtv90" "uptv90" "downtv95" "uptv95" "downtv975" "uptv975" "vavgstar" "vnull" "Nv"
1 632.98687279884 0.00273972602739726 0.5 0.0714285714285714 1 365 1000 74.978339130977 0 0 0.728805281286856 242.655526428583 0.882959531836393 193.82135057438 0 0 0.604117518490401 0.536164543835342 500
2 329.860633509259 0.0010958904109589 0.5 0.0714285714285714 1 365 1000 2.35390253019585 0 0 0.484510943789832 208.805985232787 0.740657660312598 116.20796551018 0 0 0.74189768643703 0.677721260765526 500
3 181.318914264802 0.000547945205479452 0.5 0.0714285714285714 1 365 1000 11.3948116234996 0 0 0.224648285331434 286.141547001193 0.599519963283817 153.260095531839 0 0 0.837957079579402 0.788113818203563 500
4 95.1756185294145 0.000273972602739726 0.5 0.0714285714285714 1 365 1000 3.97255593086192 0 0 0 365 0.373066503057726 229.78555860501 0 0 0.909635167895696 0.875082429816459 500
5 39.972551362203 0.00273972602739726 0.5 0.0714285714285714 16.1666666666667 365 1000 74.9294237784936 0 0 11.8596968974988 250.040503731773 14.2901325427265 201.126826694154 0 0 0.591848489784477 0.534335996284237 500
6 20.573754435342 0.0010958904109589 0.5 0.0714285714285714 16.1666666666667 365 1000 17.5217892690964 0 0 7.62719432991979 221.121716804908 11.9051045648578 128.648900057138 0 0 0.736028302620498 0.672339061665029 500
7 11.2622668672863 0.000547945205479452 0.5 0.0714285714285714 16.1666666666667 365 1000 17.1714852728267 0 0 3.43441237955296 293.536315635304 9.79826783754308 159.491338460966 0 0 0.836489651974903 0.784954602538984 500
8 5.89939086945984 0.000273972602739726 0.5 0.0714285714285714 16.1666666666667 365 1000 21.014417331176 0 0 0 365 5.43720231846837 246.875894117115 0 0 0.90732369415571 0.873234566772242 500
9 21.0523665342457 0.00273972602739726 0.5 0.0714285714285714 31.3333333333333 365 1000 74.5691278575194 0 0 16.2337943515526 258.277385313643 24.5345381942086 209.12556200975 0 0 0.579848106983385 0.526756928885202 500
10 10.7033810254204 0.0010958904109589 0.5 0.0714285714285714 31.3333333333333 365 1000 32.6964955520242 0 0 13.3870625921905 233.580603486412 22.163127289932 142.399777868086 0 0 0.730224853839391 0.669068138523933 500
11 5.83499364793903 0.000547945205479452 0.5 0.0714285714285714 31.3333333333333 365 1000 33.2086043861047 0 0 5.32172517524317 308.221078422525 17.8790599457413 175.378946912419 0 0 0.83274642387098 0.783689200107401 500
12 3.05015830097225 0.000273972602739726 0.5 0.0714285714285714 31.3333333333333 365 1000 32.1700183341119 0 0 0 365 10.0669172247853 256.556923923281 0 0 0.906164606005141 0.872783464565248 500
13 14.4782900570037 0.00273972602739726 0.5 0.0714285714285714 46.5 365 1000 89.7396282642126 0 0 24.2911459608268 265.963903358101 35.3098722175954 215.824474094321 0 0 0.568468633978392 0.519092959957842 500
14 7.272072225194 0.0010958904109589 0.5 0.0714285714285714 46.5 365 1000 47.3252886770337 0 0 18.6415264691814 246.385763103387 32.0626063527196 155.686311393463 0 0 0.724391076940143 0.665992411289996 500
15 3.94813707661431 0.000547945205479452 0.5 0.0714285714285714 46.5 365 1000 47.4861970482103 0 0 6.41364247065136 321.23133080065 25.8215619214033 188.271321668691 0 0 0.829671588529481 0.782434049014747 500
16 2.05957078818347 0.000273972602739726 0.5 0.0714285714285714 46.5 365 1000 47.3124191751494 0 0 0 365 13.0574210019109 272.162623700871 0 0 0.904237972385665 0.87252235219597 500
17 11.1408934294673 0.00273972602739726 0.5 0.0714285714285714 61.6666666666667 365 1000 89.028810554351 0 0 31.1433680532208 274.480151933469 45.853103449317 223.786007533822 0 0 0.557004179672923 0.511322477306185 500
18 5.52884249045798 0.0010958904109589 0.5 0.0714285714285714 61.6666666666667 365 1000 63.030149097644 0 0 23.3681463980204 259.288300010103 41.9921161457783 169.862867974347 0 0 0.718702212130392 0.662972367487117 500
19 2.9894437874909 0.000547945205479452 0.5 0.0714285714285714 61.6666666666667 365 1000 61.8627692891309 0 0 6.32788066621163 334.339153558769 33.420347884426 202.56089028091 0 0 0.826529493124883 0.781281918266776 500
20 1.55624968184934 0.000273972602739726 0.5 0.0714285714285714 61.6666666666667 365 1000 65.3481016247246 0 0 0 365 15.2891924297274 288.497009354297 0 0 0.901978498554172 0.872130996302992 500
21 9.12344142553099 0.00273972602739726 0.5 0.0714285714285714 76.8333333333333 365 1000 104.199713672699 0 0 38.2691700554323 281.060851371901 57.3396456556277 231.408108859052 0 0 0.546221935282501 0.50349414626677 500
22 4.47402673918379 0.0010958904109589 0.5 0.0714285714285714 76.8333333333333 365 1000 78.1860908617853 0 0 26.8908639645844 272.31177922223 51.3746280116591 183.51593589808 0 0 0.712990409145423 0.660019704426657 500
23 2.40926393966306 0.000547945205479452 0.5 0.0714285714285714 76.8333333333333 365 1000 77.082153460967 0 0 4.37793225114712 348.350748394011 40.110375945397 217.049374557711 0 0 0.823146022575081 0.780486729462092 500
24 1.25164025532701 0.000273972602739726 0.5 0.0714285714285714 76.8333333333333 365 1000 80.5971130656922 0 0 0 365 15.2805105292004 306.780785299729 0 0 0.899723847498133 0.871758441923666 500
25 7.77313224175944 0.00273972602739726 0.5 0.0714285714285714 92 365 1000 115.346165770755 0 0 44.6652568861408 288.32216864057 68.1902612189835 239.463069322899 0 0 0.535556985875846 0.495263696185873 500
26 3.76715931839113 0.0010958904109589 0.5 0.0714285714285714 92 365 1000 92.7868824083055 0 0 29.6363663490808 284.968961685569 60.2652251351609 197.272843822782 0 0 0.707250829105144 0.657085121544534 500
27 2.0203979493208 0.000547945205479452 0.5 0.0714285714285714 92 365 1000 92.3282196564697 0 0 0.791155379106505 362.303663878474 46.1487348354976 230.968683809296 0 0 0.819865313674967 0.779301935925358 500
28 1.04746662344524 0.000273972602739726 0.5 0.0714285714285714 92 365 1000 95.335280775055 0 0 0 365 15.3537782960469 318.112421704321 0 0 0.898282966349123 0.871294297289755 500
29 6.80671226377708 0.00273972602739726 0.5 0.0714285714285714 107.166666666667 365 1000 130.512825295322 0 0 50.0483148226073 295.85301617352 78.5094204945799 248.049033484315 0 0 0.525082144184898 0.487285511339265 500
30 3.26051095560605 0.0010958904109589 0.5 0.0714285714285714 107.166666666667 365 1000 108.46690413591 0 0 30.9246032853639 297.374757856799 67.9200001259061 210.677465854071 0 0 0.701642714328808 0.654316368009305 500
31 1.74161924717048 0.000547945205479452 0.5 0.0714285714285714 107.166666666667 365 1000 107.118426087908 0 0 0 365 50.7445843395912 245.237754091343 0 0 0.816608228022265 0.778060396898359 500
32 0.90108652808824 0.000273972602739726 0.5 0.0714285714285714 107.166666666667 365 1000 107.978573235919 0 0 0 365 13.6937407913526 332.029914013421 0 0 0.896873994859705 0.870998068880437 500
33 6.08139647026223 0.00273972602739726 0.5 0.0714285714285714 122.333333333333 365 1000 141.632353848909 0 0 55.2674689682198 303.775014034086 89.5297297643265 257.020698533662 0 0 0.51485091084738 0.47858707644842 500
34 2.87961320964456 0.0010958904109589 0.5 0.0714285714285714 122.333333333333 365 1000 123.656741926803 0 0 30.3736770805318 309.977793912266 75.6656480071421 224.599764866514 0 0 0.696006494244757 0.65145800444105 500
35 1.53198255962705 0.000547945205479452 0.5 0.0714285714285714 122.333333333333 365 1000 125.904726409359 0 0 0 365 52.2468021256577 264.07233837762 0 0 0.812205343109762 0.777218937486906 500
36 0.791004553031884 0.000273972602739726 0.5 0.0714285714285714 122.333333333333 365 1000 124.701596560976 0 0 0 365 8.23542078415266 347.40759536815 0 0 0.894883451142685 0.870559816402281 500
37 5.51739787919966 0.00273972602739726 0.5 0.0714285714285714 137.5 365 1000 144.510522352364 0 0 60.049202435653 310.966683199999 99.7573634815628 265.11265963141 0 0 0.505047049998953 0.470300242307871 500
38 2.58285401215144 0.0010958904109589 0.5 0.0714285714285714 137.5 365 1000 138.865046812528 0 0 28.6207154882979 322.431017735055 81.4331983880211 237.781690514064 0 0 0.690493449225516 0.648639461327886 500
39 1.3686081639082 0.000547945205479452 0.5 0.0714285714285714 137.5 365 1000 136.803007860923 0 0 0 365 55.4043020179351 276.993534816074 0 0 0.809666335649481 0.776101209340148 500
40 0.705209320233741 0.000273972602739726 0.5 0.0714285714285714 137.5 365 1000 138.808406949834 0 0 0 365 1.04580373034869 361.025761710577 0 0 0.893249868904269 0.870438452321981 500
41 5.06663485743352 0.00273972602739726 0.5 0.0714285714285714 152.666666666667 365 1000 159.677567763641 0 0 61.9762773808361 318.993718310442 109.25036657986 274.252445191182 0 0 0.495248604618048 0.462191633705647 500
42 2.34515708940201 0.0010958904109589 0.5 0.0714285714285714 152.666666666667 365 1000 154.013981527679 0 0 23.0135121794098 335.360382127669 87.1326827566575 251.591432875833 0 0 0.684827623947117 0.645872796836867 500
43 1.23770827928413 0.000547945205479452 0.5 0.0714285714285714 152.666666666667 365 1000 152.870742155206 0 0 0 365 55.9349333692777 290.877243463869 0 0 0.806639367581257 0.775046571011811 500
44 0.636462532002668 0.000273972602739726 0.5 0.0714285714285714 152.666666666667 365 1000 154.523468957154 0 0 0 365 0 365 0 0 0.891283380102701 0.8700566880163 500
45 4.69840547035221 0.00273972602739726 0.5 0.0714285714285714 167.833333333333 365 1000 174.946261417681 0 0 62.6128826497145 327.538530208575 118.384185187065 282.746708982715 0 0 0.485324748571807 0.454367554434015 500
46 2.15051047615671 0.0010958904109589 0.5 0.0714285714285714 167.833333333333 365 1000 169.176106455138 0 0 16.0053968133443 348.214884763567 91.2146554030828 266.663427448584 0 0 0.679286676294564 0.643205121399711 500
47 1.13047898998341 0.000547945205479452 0.5 0.0714285714285714 167.833333333333 365 1000 168.89259235191 0 0 0 365 53.0478956782764 305.947976668035 0 0 0.803111799954631 0.774048593041746 500
48 0.580142316023797 0.000273972602739726 0.5 0.0714285714285714 167.833333333333 365 1000 167.864208214178 0 0 0 365 0 365 0 0 0.889877644023702 0.869440202370768 500
49 4.39218551599193 0.00273972602739726 0.5 0.0714285714285714 183 365 1000 185.862996288383 0 0 59.4744274950111 335.608301227416 126.753171469796 290.361296666102 0 0 0.476255348355723 0.446795664819869 500
50 1.98821035869273 0.0010958904109589 0.5 0.0714285714285714 183 365 1000 184.342237321456 0 0 3.98351384440741 361.220821975721 91.3952461648665 279.984508373743 0 0 0.673772769789192 0.640483418857942 500
51 1.04103498239155 0.000547945205479452 0.5 0.0714285714285714 183 365 1000 182.957579804486 0 0 0 365 46.1570604342551 318.579423704687 0 0 0.80013161691298 0.773087109050353 500
52 0.533159005371091 0.000273972602739726 0.5 0.0714285714285714 183 365 1000 183.37485634539 0 0 0 365 0 365 0 0 0.887928957871664 0.869461462742063 500
53 4.13373377006449 0.00273972602739726 0.5 0.0714285714285714 198.166666666667 365 1000 201.030394386515 0 0 52.2569825458164 344.107090897436 133.413146631523 299.059909149861 0 0 0.466873538890655 0.439464299984365 500
54 1.85082978049808 0.0010958904109589 0.5 0.0714285714285714 198.166666666667 365 1000 199.50840173481 0 0 0 365 91.2417086563774 294.159556725774 0 0 0.668292353166672 0.637823830610113 500
55 0.965292670382062 0.000547945205479452 0.5 0.0714285714285714 198.166666666667 365 1000 198.522561973506 0 0 0 365 39.6753056812619 332.959543727355 0 0 0.796796140655415 0.771991338081465 500
56 0.493368802551149 0.000273972602739726 0.5 0.0714285714285714 198.166666666667 365 1000 199.526065636389 0 0 0 365 0 365 0 0 0.88588533008201 0.869106400855828 500
57 3.9128585877143 0.00273972602739726 0.5 0.0714285714285714 213.333333333333 365 1000 216.194789084727 0 0 37.8561850756945 353.901578247244 139.802372808253 308.313159310901 0 0 0.457623723207209 0.432303811138771 500
58 1.73305382194388 0.0010958904109589 0.5 0.0714285714285714 213.333333333333 365 1000 212.900547030225 0 0 0 365 89.9169982704134 307.850642666873 0 0 0.662753003348402 0.635152319782541 500
59 0.900329737498591 0.000547945205479452 0.5 0.0714285714285714 213.333333333333 365 1000 211.980464199105 0 0 0 365 27.1357848369839 347.848552071781 0 0 0.793326871536162 0.770999836364569 500
60 0.459237552478334 0.000273972602739726 0.5 0.0714285714285714 213.333333333333 365 1000 212.291931201342 0 0 0 365 0 365 0 0 0.884094834254041 0.868679980994615 500
61 3.72207395518589 0.00273972602739726 0.5 0.0714285714285714 228.5 365 1000 231.361238500495 0 0 3.09206521669034 363.879613485967 141.782355257907 317.973533376675 0 0 0.448521856128369 0.425601986380265 500
62 1.63097866901556 0.0010958904109589 0.5 0.0714285714285714 228.5 365 1000 229.827902543232 0 0 0 365 81.5611226933539 321.492579613925 0 0 0.657444007352544 0.632537838316501 500
63 0.843999741112573 0.000547945205479452 0.5 0.0714285714285714 228.5 365 1000 227.731344080623 0 0 0 365 4.47400472413137 362.136561614392 0 0 0.790148481936571 0.769930130510354 500
64 0.429638417678603 0.000273972602739726 0.5 0.0714285714285714 228.5 365 1000 227.972599857503 0 0 0 365 0 365 0 0 0.882480267389537 0.868273306030041 500
65 3.55575745405182 0.00273972602739726 0.5 0.0714285714285714 243.666666666667 365 1000 246.525545938062 0 0 0 365 142.90717058 327.543171007169 0 0 0.439644095314492 0.418790502418514 500
66 1.54167245254597 0.0010958904109589 0.5 0.0714285714285714 243.666666666667 365 1000 244.948356135499 0 0 0 365 69.1143687526157 335.036372369987 0 0 0.65213358717699 0.629833846455154 500
67 0.794690646902363 0.000547945205479452 0.5 0.0714285714285714 243.666666666667 365 1000 243.151451753121 0 0 0 365 0 365 0 0 0.786847814684567 0.769020576904079 500
68 0.403725113916554 0.000273972602739726 0.5 0.0714285714285714 243.666666666667 365 1000 241.816384166635 0 0 0 365 0 365 0 0 0.880560554976673 0.868170531990552 500
69 3.40960426658171 0.00273972602739726 0.5 0.0714285714285714 258.833333333333 365 1000 262.37697835825 0 0 0 365 139.780069110312 337.451488255122 0 0 0.431028042189379 0.412283940067005 500
70 1.46289048653394 0.0010958904109589 0.5 0.0714285714285714 258.833333333333 365 1000 260.186335207094 0 0 0 365 44.6755266982888 348.346625033208 0 0 0.647061601300668 0.627551825537432 500
71 0.751168257198677 0.000547945205479452 0.5 0.0714285714285714 258.833333333333 365 1000 258.768523947081 0 0 0 365 0 365 0 0 0.784101226586945 0.767986283307323 500
72 0.380849713335416 0.000273972602739726 0.5 0.0714285714285714 258.833333333333 365 1000 257.945337004335 0 0 0 365 0 365 0 0 0.878960661684682 0.867837427911804 500
73 3.28026251530504 0.00273972602739726 0.5 0.0714285714285714 274 365 1000 276.853621553228 0 0 0 365 121.70230189336 347.432451343297 0 0 0.422653413455331 0.406059122927211 500
74 1.39288508059846 0.0010958904109589 0.5 0.0714285714285714 274 365 1000 275.301549817737 0 0 0 365 9.10616556923465 362.47259014913 0 0 0.641934775044576 0.62491819825908 500
75 0.712471639405101 0.000547945205479452 0.5 0.0714285714285714 274 365 1000 270.581094078284 0 0 0 365 0 365 0 0 0.78044151700057 0.767133907997295 500
76 0.360507746554209 0.000273972602739726 0.5 0.0714285714285714 274 365 1000 272.591641760883 0 0 0 365 0 365 0 0 0.877231694238392 0.86716926351947 500
77 3.16508336045875 0.00273972602739726 0.5 0.0714285714285714 289.166666666667 365 1000 292.025036160356 0 0 0 365 77.7314265499985 359.224700839931 0 0 0.413901896158918 0.400063978420789 500
78 1.33027520396081 0.0010958904109589 0.5 0.0714285714285714 289.166666666667 365 1000 290.523776695482 0 0 0 365 0 365 0 0 0.63659256727047 0.62241145543813 500
79 0.677841462823434 0.000547945205479452 0.5 0.0714285714285714 289.166666666667 365 1000 290.323046841244 0 0 0 365 0 365 0 0 0.777356955504438 0.766047458561881 500
80 0.342300580992539 0.000273972602739726 0.5 0.0714285714285714 289.166666666667 365 1000 287.498962502479 0 0 0 365 0 365 0 0 0.875404700932571 0.867093133545779 500
81 3.06194582202921 0.00273972602739726 0.5 0.0714285714285714 304.333333333333 365 1000 307.196133411863 0 0 0 365 0 365 0 0 0.405276553916427 0.394165130640942 500
82 1.27395512175235 0.0010958904109589 0.5 0.0714285714285714 304.333333333333 365 1000 305.517668990712 0 0 0 365 0 365 0 0 0.631278887399451 0.620043499981247 500
83 0.646669763788671 0.000547945205479452 0.5 0.0714285714285714 304.333333333333 365 1000 300.599254770315 0 0 0 365 0 365 0 0 0.773745586197086 0.765019660503798 500
84 0.32590904861196 0.000273972602739726 0.5 0.0714285714285714 304.333333333333 365 1000 299.557803012855 0 0 0 365 0 365 0 0 0.873466990104345 0.866848419084035 500
85 2.96913149614209 0.00273972602739726 0.5 0.0714285714285714 319.5 365 1000 322.351501110846 0 0 0 365 0 365 0 0 0.396773632814564 0.388462637198584 500
86 1.22302905353252 0.0010958904109589 0.5 0.0714285714285714 319.5 365 1000 320.662304955038 0 0 0 365 0 365 0 0 0.625998974190144 0.61746023861877 500
87 0.618464018699803 0.000547945205479452 0.5 0.0714285714285714 319.5 365 1000 315.833119291159 0 0 0 365 0 365 0 0 0.771000754606642 0.764162242446616 500
88 0.311074585004874 0.000273972602739726 0.5 0.0714285714285714 319.5 365 1000 310.338898197007 0 0 0 365 0 365 0 0 0.871527260421395 0.866481482612986 500
89 2.8852333377541 0.00273972602739726 0.5 0.0714285714285714 334.666666666667 365 1000 330.669992966826 0 0 0 365 0 365 0 0 0.388354061887315 0.38300146357022 500
90 1.1767635989632 0.0010958904109589 0.5 0.0714285714285714 334.666666666667 365 1000 329.449503172415 0 0 0 365 0 365 0 0 0.620744270860464 0.614990986688258 500
91 0.59282098603727 0.000547945205479452 0.5 0.0714285714285714 334.666666666667 365 1000 322.370346143851 0 0 0 365 0 365 0 0 0.76764393488205 0.763159536876352 500
92 0.297585496998097 0.000273972602739726 0.5 0.0714285714285714 334.666666666667 365 1000 330.190390185259 0 0 0 365 0 365 0 0 0.869931497995589 0.866254929283016 500
93 2.80908817127071 0.00273972602739726 0.5 0.0714285714285714 349.833333333333 365 1000 346.448801788504 0 0 0 365 0 365 0 0 0.380302051633891 0.377684722509255 500
94 1.13455253870117 0.0010958904109589 0.5 0.0714285714285714 349.833333333333 365 1000 340.576055710379 0 0 0 365 0 365 0 0 0.615633008372535 0.612618153468496 500
95 0.569407352696035 0.000547945205479452 0.5 0.0714285714285714 349.833333333333 365 1000 345.027907281908 0 0 0 365 0 365 0 0 0.764659494120906 0.762104279560579 500
96 0.285266802380514 0.000273972602739726 0.5 0.0714285714285714 349.833333333333 365 1000 339.021590266221 0 0 0 365 0 365 0 0 0.868083983803757 0.866123454934253 500
97 2.73972602739726 0.00273972602739726 0.5 0.0714285714285714 365 365 1000 2.47355278063526 0 0 0 365 0 365 0 0 0.372509967461743 0.37231410442757 500
98 1.0958904109589 0.0010958904109589 0.5 0.0714285714285714 365 365 1000 3.42893662346432 0 0 0 365 0 365 0 0 0.610511342185364 0.610351201140551 500
99 0.547945205479452 0.000547945205479452 0.5 0.0714285714285714 365 365 1000 270.362536328986 0 0 0 365 0 365 0 0 0.761635730162441 0.761371998306507 500
100 0.273972602739726 0.000273972602739726 0.5 0.0714285714285714 365 365 1000 1.45078408961477 0 0 0 365 0 365 0 0 0.865726485723691 0.865618923747205 500
