"NPar" "b" "d" "rho" "gamv" "tb" "trans" "T" "NPeak" "tvstar" "downtv80" "uptv80" "downtv90" "uptv90" "downtv95" "uptv95" "downtv975" "uptv975" "vavgstar" "vnull" "Nv"
1 804.325332108081 0.00444444444444444 0.5 0.0714285714285714 1 "freq" 365 1000 153.168857676732 0 0 30.7441083253342 185.01757091745 72.5100823225327 170.991885213002 0 0 0.623472143684257 0.473773734381567 500
2 632.98687279884 0.00273972602739726 0.5 0.0714285714285714 1 "freq" 365 1000 74.9648824550982 0 0 0.728786639424159 242.660306793216 0.882939510504608 193.828438268847 0 0 0.604113854618997 0.536164316007243 500
3 51.4464645639486 0.00444444444444444 0.5 0.0714285714285714 16.1666666666667 "freq" 365 1000 165.287639557716 0 0 36.8804621912591 198.886639115839 78.4409964420877 185.458444262601 0 0 0.598501131852971 0.466892039220113 500
4 39.972551362203 0.00273972602739726 0.5 0.0714285714285714 16.1666666666667 "freq" 365 1000 75.6505729696335 0 0 11.827352236516 250.594365632123 14.2559964583432 201.922574652787 0 0 0.591411104276068 0.534335955130648 500
5 27.4378006691395 0.00444444444444444 0.5 0.0714285714285714 31.3333333333333 "freq" 365 1000 171.855037303727 0 0 43.2297355898055 212.518110122933 85.2843238927904 199.372142616974 0 0 0.574961156198749 0.457018763396528 500
6 21.0523665342457 0.00273972602739726 0.5 0.0714285714285714 31.3333333333333 "freq" 365 1000 74.5681595783063 0 0 16.2339335920968 258.276681304637 24.5346910820209 209.124563928753 0 0 0.579848647154872 0.526757013837592 500
7 19.1037462426677 0.00444444444444444 0.5 0.0714285714285714 46.5 "freq" 365 1000 184.049904455545 0 0 49.6772563235541 226.028700829323 90.9659340512533 213.700443942289 0 0 0.552110276333267 0.447446702365809 500
8 14.4782900570037 0.00273972602739726 0.5 0.0714285714285714 46.5 "freq" 365 1000 89.7404890211203 0 0 24.2913081441398 265.963255939193 35.3101302383298 215.823477760088 0 0 0.568469141561263 0.519092984389181 500
9 14.8789584352689 0.00444444444444444 0.5 0.0714285714285714 61.6666666666667 "freq" 365 1000 187.07076962412 0 0 59.3331938569467 239.465223984529 98.5129791563051 226.925237373163 0 0 0.530870203641063 0.436983539339631 500
10 11.1408934294673 0.00273972602739726 0.5 0.0714285714285714 61.6666666666667 "freq" 365 1000 89.0196512749419 0 0 31.1423155904014 274.483174789846 45.8517947715481 223.79124709137 0 0 0.557001577241816 0.511322536060368 500
11 12.3299415459637 0.00444444444444444 0.5 0.0714285714285714 76.8333333333333 "freq" 365 1000 186.529380708841 0 0 69.9329304476399 252.505239323757 105.261102027534 239.570430050765 0 0 0.510208744217512 0.426443716794343 500
12 9.12344142553099 0.00273972602739726 0.5 0.0714285714285714 76.8333333333333 "freq" 365 1000 104.25703288257 0 0 38.2300835533464 281.147545435087 57.2965329538504 231.531383409498 0 0 0.546158178531716 0.503494144490479 500
13 10.6278904737222 0.00444444444444444 0.5 0.0714285714285714 92 "freq" 365 1000 198.359404306292 0 0 79.8167440102736 265.509307103624 111.816013740228 252.596753410855 0 0 0.490813335094308 0.41662859553176 500
14 7.77313224175944 0.00273972602739726 0.5 0.0714285714285714 92 "freq" 365 1000 115.343137638869 0 0 44.6662037750672 288.320390884193 68.1913969644241 239.460339272846 0 0 0.535558291527546 0.495263703866421 500
15 9.41317878121771 0.00444444444444444 0.5 0.0714285714285714 107.166666666667 "freq" 365 1000 210.243612808042 0 0 88.9646280619991 278.225685283725 117.871562960101 265.390299034776 0 0 0.471833565794676 0.406407393930621 500
16 6.80671226377708 0.00273972602739726 0.5 0.0714285714285714 107.166666666667 "freq" 365 1000 130.508439729483 0 0 50.0471964804509 295.854512015799 78.5082027455152 248.051401427061 0 0 0.525081006518953 0.487285276238909 500
17 8.50451913878729 0.00444444444444444 0.5 0.0714285714285714 122.333333333333 "freq" 365 1000 211.945250266239 0 0 97.6917538852736 290.066712624471 125.276517551832 277.499768090301 0 0 0.454154325580616 0.396747708931074 500
18 6.08139647026223 0.00273972602739726 0.5 0.0714285714285714 122.333333333333 "freq" 365 1000 141.631368941313 0 0 55.2674845360467 303.774995129549 89.5297461324104 257.020667472054 0 0 0.514850923778875 0.478587069647676 500
19 7.80060668611244 0.00444444444444444 0.5 0.0714285714285714 137.5 "freq" 365 1000 216.644620628877 0 0 106.445883917464 301.859558792571 134.438538895159 289.411306940637 0 0 0.437164785783826 0.38705793525005 500
20 5.51739787919966 0.00273972602739726 0.5 0.0714285714285714 137.5 "freq" 365 1000 144.50821375599 0 0 60.0482627817161 310.967564348309 99.7564524030287 265.114081240977 0 0 0.505046422567708 0.470300240406567 500
21 7.2403898323584 0.00444444444444444 0.5 0.0714285714285714 152.666666666667 "freq" 365 1000 217.291258369911 0 0 113.629618682767 312.865571483208 144.451096199955 295.883498264296 0 0 0.420825144262762 0.377268337873411 500
22 5.06663485743352 0.00273972602739726 0.5 0.0714285714285714 152.666666666667 "freq" 365 1000 159.674130173833 0 0 61.9750938723762 318.994677175669 109.249243370998 274.253749618905 0 0 0.495247945330904 0.462191633787765 500
23 6.78488241854023 0.00444444444444444 0.5 0.0714285714285714 167.833333333333 "freq" 365 1000 228.717278651261 0 0 119.481018974476 324.03376232966 154.939675704628 302.36873278183 0 0 0.405495874012594 0.367646024101108 500
24 4.69840547035221 0.00273972602739726 0.5 0.0714285714285714 167.833333333333 "freq" 365 1000 174.946261417681 0 0 62.6128826497145 327.538530208575 118.384185184837 282.746708982964 0 0 0.485324748571807 0.454367554434139 500
25 6.4080201125591 0.00444444444444444 0.5 0.0714285714285714 183 "freq" 365 1000 240.10536803538 0 0 124.420615842899 335.058724931193 163.697693647756 308.755510418738 0 0 0.390817492260628 0.357675817072618 500
26 4.39218551599193 0.00273972602739726 0.5 0.0714285714285714 183 "freq" 365 1000 185.863003473682 0 0 59.4744268806349 335.608301545788 126.753170935792 290.361297156352 0 0 0.476255348130283 0.446795664819886 500
27 6.091715640132 0.00444444444444444 0.5 0.0714285714285714 198.166666666667 "freq" 365 1000 247.565556379407 0 0 128.404904484181 341.981673795776 173.556192710639 315.446301450723 0 0 0.376916191062122 0.347438847236501 500
28 4.13373377006449 0.00273972602739726 0.5 0.0714285714285714 198.166666666667 "freq" 365 1000 201.030394388152 0 0 52.2569825465732 344.107090897219 133.413146631676 299.059909149433 0 0 0.466873538890792 0.439464300543225 500
29 5.82302327422619 0.00444444444444444 0.5 0.0714285714285714 213.333333333333 "freq" 365 1000 262.732332791043 0 0 130.902906408997 348.94834068251 182.82749589728 322.123358768886 0 0 0.363853147363757 0.337057722323729 500
30 3.9128585877143 0.00273972602739726 0.5 0.0714285714285714 213.333333333333 "freq" 365 1000 216.194789085511 0 0 37.8561850774082 353.901578246695 139.802372814018 308.313159309998 0 0 0.457623723207566 0.432303811002562 500
31 5.59243256965603 0.00444444444444444 0.5 0.0714285714285714 228.5 "freq" 365 1000 265.96258945702 0 0 129.953962920167 355.989019372115 192.693142178423 327.801009382209 0 0 0.351619420360769 0.326848228053781 500
32 3.72207395518589 0.00273972602739726 0.5 0.0714285714285714 228.5 "freq" 365 1000 231.361238512288 0 0 3.09206521526367 363.879613486277 141.782355257198 317.973533378074 0 0 0.448521856128181 0.425601986596585 500
33 5.39279932518233 0.00444444444444444 0.5 0.0714285714285714 243.666666666667 "freq" 365 1000 268.698934993177 0 0 51.7308985668693 364.197659159763 199.097925036783 334.766653058334 0 0 0.339617317363781 0.317327657600302 500
34 3.55575745405182 0.00273972602739726 0.5 0.0714285714285714 243.666666666667 "freq" 365 1000 246.525545936798 0 0 0 365 142.907170580944 327.543171006935 0 0 0.439644095314622 0.418790502418388 500
35 5.21865239862033 0.00444444444444444 0.5 0.0714285714285714 258.833333333333 "freq" 365 1000 270.323397730888 0 0 0 365 205.252882580265 341.94455614424 0 0 0.327978355076948 0.308323221708068 500
36 3.40960426658171 0.00273972602739726 0.5 0.0714285714285714 258.833333333333 "freq" 365 1000 262.376978355026 0 0 0 365 139.780069108297 337.451488255849 0 0 0.431028042189037 0.412283940067019 500
37 5.0657307429305 0.00444444444444444 0.5 0.0714285714285714 274 "freq" 365 1000 281.607030913782 0 0 0 365 208.460563154644 349.979466500615 0 0 0.317020340827252 0.299753800064603 500
38 3.28026251530504 0.00273972602739726 0.5 0.0714285714285714 274 "freq" 365 1000 276.853620971044 0 0 0 365 121.702301998369 347.432451307369 0 0 0.422653413470087 0.406059123573765 500
39 4.93066613795628 0.00444444444444444 0.5 0.0714285714285714 289.166666666667 "freq" 365 1000 296.762790737913 0 0 0 365 205.738709081592 359.272093317318 0 0 0.306283834492148 0.291593064239255 500
40 3.16508336045875 0.00273972602739726 0.5 0.0714285714285714 289.166666666667 "freq" 365 1000 292.025036174142 0 0 0 365 77.7314265570742 359.224700838648 0 0 0.41390189615944 0.400063978420791 500
41 4.81076079151005 0.00444444444444444 0.5 0.0714285714285714 304.333333333333 "freq" 365 1000 307.411370243947 0 0 0 365 27.5606225011704 365 0 0 0.296126203016581 0.284088802004727 500
42 3.06194582202921 0.00273972602739726 0.5 0.0714285714285714 304.333333333333 "freq" 365 1000 307.196133414468 0 0 0 365 0 365 0 0 0.405276553916691 0.394165130640926 500
43 4.70382828530777 0.00444444444444444 0.5 0.0714285714285714 319.5 "freq" 365 1000 322.579350659668 0 0 0 365 0 365 0 0 0.286031322461599 0.276929247893949 500
44 2.96913149614209 0.00273972602739726 0.5 0.0714285714285714 319.5 "freq" 365 1000 322.351501103299 0 0 0 365 0 365 0 0 0.396773632814319 0.388462637198527 500
45 4.60807777045793 0.00444444444444444 0.5 0.0714285714285714 334.666666666667 "freq" 365 1000 337.532178401841 0 0 0 365 0 365 0 0 0.276212353714341 0.270220916613723 500
46 2.8852333377541 0.00273972602739726 0.5 0.0714285714285714 334.666666666667 "freq" 365 1000 330.669992968516 0 0 0 365 0 365 0 0 0.388354061887294 0.383001463570215 500
47 4.5220282869044 0.00444444444444444 0.5 0.0714285714285714 349.833333333333 "freq" 365 1000 345.533813442137 0 0 0 365 0 365 0 0 0.266836425501717 0.263897289608758 500
48 2.80908817127071 0.00273972602739726 0.5 0.0714285714285714 349.833333333333 "freq" 365 1000 346.448801787007 0 0 0 365 0 365 0 0 0.380302051633905 0.377684722724533 500
49 4.44444444444444 0.00444444444444444 0.5 0.0714285714285714 365 "freq" 365 1000 4.47905098405626 0 0 0 365 0 365 0 0 0.258074968492777 0.257850021384672 500
50 2.73972602739726 0.00273972602739726 0.5 0.0714285714285714 365 "freq" 365 1000 2.47359351132282 0 0 0 365 0 365 0 0 0.37250996746174 0.372314104427574 500
51 804.325332108081 0.00444444444444444 0.5 0.0714285714285714 1 "dens" 365 1000 153.168857676732 0 0 30.7441083253342 185.01757091745 72.5100823225327 170.991885213002 0 0 0.623472143684257 0.473773734381567 500
52 632.98687279884 0.00273972602739726 0.5 0.0714285714285714 1 "dens" 365 1000 74.9648824550982 0 0 0.728786639424159 242.660306793216 0.882939510504608 193.828438268847 0 0 0.604113854618997 0.536164316007243 500
53 51.4464645639486 0.00444444444444444 0.5 0.0714285714285714 16.1666666666667 "dens" 365 1000 165.287639557716 0 0 36.8804621912591 198.886639115839 78.4409964420877 185.458444262601 0 0 0.598501131852971 0.466892039220113 500
54 39.972551362203 0.00273972602739726 0.5 0.0714285714285714 16.1666666666667 "dens" 365 1000 75.6505729696335 0 0 11.827352236516 250.594365632123 14.2559964583432 201.922574652787 0 0 0.591411104276068 0.534335955130648 500
55 27.4378006691395 0.00444444444444444 0.5 0.0714285714285714 31.3333333333333 "dens" 365 1000 171.855037303727 0 0 43.2297355898055 212.518110122933 85.2843238927904 199.372142616974 0 0 0.574961156198749 0.457018763396528 500
56 21.0523665342457 0.00273972602739726 0.5 0.0714285714285714 31.3333333333333 "dens" 365 1000 74.5681595783063 0 0 16.2339335920968 258.276681304637 24.5346910820209 209.124563928753 0 0 0.579848647154872 0.526757013837592 500
57 19.1037462426677 0.00444444444444444 0.5 0.0714285714285714 46.5 "dens" 365 1000 184.049904455545 0 0 49.6772563235541 226.028700829323 90.9659340512533 213.700443942289 0 0 0.552110276333267 0.447446702365809 500
58 14.4782900570037 0.00273972602739726 0.5 0.0714285714285714 46.5 "dens" 365 1000 89.7404890211203 0 0 24.2913081441398 265.963255939193 35.3101302383298 215.823477760088 0 0 0.568469141561263 0.519092984389181 500
59 14.8789584352689 0.00444444444444444 0.5 0.0714285714285714 61.6666666666667 "dens" 365 1000 187.07076962412 0 0 59.3331938569467 239.465223984529 98.5129791563051 226.925237373163 0 0 0.530870203641063 0.436983539339631 500
60 11.1408934294673 0.00273972602739726 0.5 0.0714285714285714 61.6666666666667 "dens" 365 1000 89.0196512749419 0 0 31.1423155904014 274.483174789846 45.8517947715481 223.79124709137 0 0 0.557001577241816 0.511322536060368 500
61 12.3299415459637 0.00444444444444444 0.5 0.0714285714285714 76.8333333333333 "dens" 365 1000 186.529380708841 0 0 69.9329304476399 252.505239323757 105.261102027534 239.570430050765 0 0 0.510208744217512 0.426443716794343 500
62 9.12344142553099 0.00273972602739726 0.5 0.0714285714285714 76.8333333333333 "dens" 365 1000 104.25703288257 0 0 38.2300835533464 281.147545435087 57.2965329538504 231.531383409498 0 0 0.546158178531716 0.503494144490479 500
63 10.6278904737222 0.00444444444444444 0.5 0.0714285714285714 92 "dens" 365 1000 198.359404306292 0 0 79.8167440102736 265.509307103624 111.816013740228 252.596753410855 0 0 0.490813335094308 0.41662859553176 500
64 7.77313224175944 0.00273972602739726 0.5 0.0714285714285714 92 "dens" 365 1000 115.343137638869 0 0 44.6662037750672 288.320390884193 68.1913969644241 239.460339272846 0 0 0.535558291527546 0.495263703866421 500
65 9.41317878121771 0.00444444444444444 0.5 0.0714285714285714 107.166666666667 "dens" 365 1000 210.243612808042 0 0 88.9646280619991 278.225685283725 117.871562960101 265.390299034776 0 0 0.471833565794676 0.406407393930621 500
66 6.80671226377708 0.00273972602739726 0.5 0.0714285714285714 107.166666666667 "dens" 365 1000 130.508439729483 0 0 50.0471964804509 295.854512015799 78.5082027455152 248.051401427061 0 0 0.525081006518953 0.487285276238909 500
67 8.50451913878729 0.00444444444444444 0.5 0.0714285714285714 122.333333333333 "dens" 365 1000 211.945250266239 0 0 97.6917538852736 290.066712624471 125.276517551832 277.499768090301 0 0 0.454154325580616 0.396747708931074 500
68 6.08139647026223 0.00273972602739726 0.5 0.0714285714285714 122.333333333333 "dens" 365 1000 141.631368941313 0 0 55.2674845360467 303.774995129549 89.5297461324104 257.020667472054 0 0 0.514850923778875 0.478587069647676 500
69 7.80060668611244 0.00444444444444444 0.5 0.0714285714285714 137.5 "dens" 365 1000 216.644620628877 0 0 106.445883917464 301.859558792571 134.438538895159 289.411306940637 0 0 0.437164785783826 0.38705793525005 500
70 5.51739787919966 0.00273972602739726 0.5 0.0714285714285714 137.5 "dens" 365 1000 144.50821375599 0 0 60.0482627817161 310.967564348309 99.7564524030287 265.114081240977 0 0 0.505046422567708 0.470300240406567 500
71 7.2403898323584 0.00444444444444444 0.5 0.0714285714285714 152.666666666667 "dens" 365 1000 217.291258369911 0 0 113.629618682767 312.865571483208 144.451096199955 295.883498264296 0 0 0.420825144262762 0.377268337873411 500
72 5.06663485743352 0.00273972602739726 0.5 0.0714285714285714 152.666666666667 "dens" 365 1000 159.674130173833 0 0 61.9750938723762 318.994677175669 109.249243370998 274.253749618905 0 0 0.495247945330904 0.462191633787765 500
73 6.78488241854023 0.00444444444444444 0.5 0.0714285714285714 167.833333333333 "dens" 365 1000 228.717278651261 0 0 119.481018974476 324.03376232966 154.939675704628 302.36873278183 0 0 0.405495874012594 0.367646024101108 500
74 4.69840547035221 0.00273972602739726 0.5 0.0714285714285714 167.833333333333 "dens" 365 1000 174.946261417681 0 0 62.6128826497145 327.538530208575 118.384185184837 282.746708982964 0 0 0.485324748571807 0.454367554434139 500
75 6.4080201125591 0.00444444444444444 0.5 0.0714285714285714 183 "dens" 365 1000 240.10536803538 0 0 124.420615842899 335.058724931193 163.697693647756 308.755510418738 0 0 0.390817492260628 0.357675817072618 500
76 4.39218551599193 0.00273972602739726 0.5 0.0714285714285714 183 "dens" 365 1000 185.863003473682 0 0 59.4744268806349 335.608301545788 126.753170935792 290.361297156352 0 0 0.476255348130283 0.446795664819886 500
77 6.091715640132 0.00444444444444444 0.5 0.0714285714285714 198.166666666667 "dens" 365 1000 247.565556379407 0 0 128.404904484181 341.981673795776 173.556192710639 315.446301450723 0 0 0.376916191062122 0.347438847236501 500
78 4.13373377006449 0.00273972602739726 0.5 0.0714285714285714 198.166666666667 "dens" 365 1000 201.030394388152 0 0 52.2569825465732 344.107090897219 133.413146631676 299.059909149433 0 0 0.466873538890792 0.439464300543225 500
79 5.82302327422619 0.00444444444444444 0.5 0.0714285714285714 213.333333333333 "dens" 365 1000 262.732332791043 0 0 130.902906408997 348.94834068251 182.82749589728 322.123358768886 0 0 0.363853147363757 0.337057722323729 500
80 3.9128585877143 0.00273972602739726 0.5 0.0714285714285714 213.333333333333 "dens" 365 1000 216.194789085511 0 0 37.8561850774082 353.901578246695 139.802372814018 308.313159309998 0 0 0.457623723207566 0.432303811002562 500
81 5.59243256965603 0.00444444444444444 0.5 0.0714285714285714 228.5 "dens" 365 1000 265.96258945702 0 0 129.953962920167 355.989019372115 192.693142178423 327.801009382209 0 0 0.351619420360769 0.326848228053781 500
82 3.72207395518589 0.00273972602739726 0.5 0.0714285714285714 228.5 "dens" 365 1000 231.361238512288 0 0 3.09206521526367 363.879613486277 141.782355257198 317.973533378074 0 0 0.448521856128181 0.425601986596585 500
83 5.39279932518233 0.00444444444444444 0.5 0.0714285714285714 243.666666666667 "dens" 365 1000 268.698934993177 0 0 51.7308985668693 364.197659159763 199.097925036783 334.766653058334 0 0 0.339617317363781 0.317327657600302 500
84 3.55575745405182 0.00273972602739726 0.5 0.0714285714285714 243.666666666667 "dens" 365 1000 246.525545936798 0 0 0 365 142.907170580944 327.543171006935 0 0 0.439644095314622 0.418790502418388 500
85 5.21865239862033 0.00444444444444444 0.5 0.0714285714285714 258.833333333333 "dens" 365 1000 270.323397730888 0 0 0 365 205.252882580265 341.94455614424 0 0 0.327978355076948 0.308323221708068 500
86 3.40960426658171 0.00273972602739726 0.5 0.0714285714285714 258.833333333333 "dens" 365 1000 262.376978355026 0 0 0 365 139.780069108297 337.451488255849 0 0 0.431028042189037 0.412283940067019 500
87 5.0657307429305 0.00444444444444444 0.5 0.0714285714285714 274 "dens" 365 1000 281.607030913782 0 0 0 365 208.460563154644 349.979466500615 0 0 0.317020340827252 0.299753800064603 500
88 3.28026251530504 0.00273972602739726 0.5 0.0714285714285714 274 "dens" 365 1000 276.853620971044 0 0 0 365 121.702301998369 347.432451307369 0 0 0.422653413470087 0.406059123573765 500
89 4.93066613795628 0.00444444444444444 0.5 0.0714285714285714 289.166666666667 "dens" 365 1000 296.762790737913 0 0 0 365 205.738709081592 359.272093317318 0 0 0.306283834492148 0.291593064239255 500
90 3.16508336045875 0.00273972602739726 0.5 0.0714285714285714 289.166666666667 "dens" 365 1000 292.025036174142 0 0 0 365 77.7314265570742 359.224700838648 0 0 0.41390189615944 0.400063978420791 500
91 4.81076079151005 0.00444444444444444 0.5 0.0714285714285714 304.333333333333 "dens" 365 1000 307.411370243947 0 0 0 365 27.5606225011704 365 0 0 0.296126203016581 0.284088802004727 500
92 3.06194582202921 0.00273972602739726 0.5 0.0714285714285714 304.333333333333 "dens" 365 1000 307.196133414468 0 0 0 365 0 365 0 0 0.405276553916691 0.394165130640926 500
93 4.70382828530777 0.00444444444444444 0.5 0.0714285714285714 319.5 "dens" 365 1000 322.579350659668 0 0 0 365 0 365 0 0 0.286031322461599 0.276929247893949 500
94 2.96913149614209 0.00273972602739726 0.5 0.0714285714285714 319.5 "dens" 365 1000 322.351501103299 0 0 0 365 0 365 0 0 0.396773632814319 0.388462637198527 500
95 4.60807777045793 0.00444444444444444 0.5 0.0714285714285714 334.666666666667 "dens" 365 1000 337.532178401841 0 0 0 365 0 365 0 0 0.276212353714341 0.270220916613723 500
96 2.8852333377541 0.00273972602739726 0.5 0.0714285714285714 334.666666666667 "dens" 365 1000 330.669992968516 0 0 0 365 0 365 0 0 0.388354061887294 0.383001463570215 500
97 4.5220282869044 0.00444444444444444 0.5 0.0714285714285714 349.833333333333 "dens" 365 1000 345.533813442137 0 0 0 365 0 365 0 0 0.266836425501717 0.263897289608758 500
98 2.80908817127071 0.00273972602739726 0.5 0.0714285714285714 349.833333333333 "dens" 365 1000 346.448801787007 0 0 0 365 0 365 0 0 0.380302051633905 0.377684722724533 500
99 4.44444444444444 0.00444444444444444 0.5 0.0714285714285714 365 "dens" 365 1000 4.47905098405626 0 0 0 365 0 365 0 0 0.258074968492777 0.257850021384672 500
100 2.73972602739726 0.00273972602739726 0.5 0.0714285714285714 365 "dens" 365 1000 2.47359351132282 0 0 0 365 0 365 0 0 0.37250996746174 0.372314104427574 500
