"NPar" "b" "d" "rho" "gamv" "tb" "T" "NPeak" "tvstar" "downtv80" "uptv80" "downtv90" "uptv90" "downtv95" "uptv95" "downtv975" "uptv975" "vavgstar" "vnull" "Nv"
1 632.98687279884 0.00273972602739726 0.5 0.0714285714285714 1 365 1000 2.70682088810767 0 0 0.687412200131839 148.246591824167 0.839665589144948 78.4425412051512 0 0 0.58723761666163 0.492654753958262 500
2 329.860633509259 0.0010958904109589 0.5 0.0714285714285714 1 365 1000 1.54895335752767 0 0 0.482113039939505 181.49845462427 0.738261910785078 91.3328910283194 0 0 0.739663754403275 0.668751352741006 500
3 181.318914264802 0.000547945205479452 0.5 0.0714285714285714 1 365 1000 3.86016479229146 0 0 0.233480828470705 276.198225109503 0.608908964360954 137.045558406493 0 0 0.838508867545845 0.785499238557617 500
4 95.1756185294145 0.000273972602739726 0.5 0.0714285714285714 1 365 1000 3.88233794472834 0 0 0 365 0.372558500744029 226.130475747446 0 0 0.909431345758507 0.874351931577899 500
5 39.972551362203 0.00273972602739726 0.5 0.0714285714285714 16.1666666666667 365 1000 17.5102997200923 0 0 11.2294316317039 163.409994055269 13.6964843888297 93.6357999487184 0 0 0.57519734805558 0.494856876893893 500
6 20.573754435342 0.0010958904109589 0.5 0.0714285714285714 16.1666666666667 365 1000 16.6779122880821 0 0 7.52210824720407 196.645569203617 11.8425510047643 106.377933148282 0 0 0.733557593634824 0.664164645235182 500
7 11.2622668672863 0.000547945205479452 0.5 0.0714285714285714 16.1666666666667 365 1000 16.8160938213998 0 0 3.38972567032472 288.760670102303 9.78026958779999 149.829350212683 0 0 0.835869940982291 0.78255744635077 500
8 5.89939086945984 0.000273972602739726 0.5 0.0714285714285714 16.1666666666667 365 1000 20.860146605091 0 0 0 365 5.45934746729462 242.727863549383 0 0 0.907323471018555 0.872564841420093 500
9 21.0523665342457 0.00273972602739726 0.5 0.0714285714285714 31.3333333333333 365 1000 32.5311157814599 0 0 14.8453549188839 178.476465989781 21.8424293275706 108.760342385654 0 0 0.563515311887165 0.491058416638474 500
10 10.7033810254204 0.0010958904109589 0.5 0.0714285714285714 31.3333333333333 365 1000 31.1909091438061 0 0 12.988373829234 211.819495360566 0 121.481549885869 0 0 0.727517674455498 0.661614134283242 500
11 5.83499364793903 0.000547945205479452 0.5 0.0714285714285714 31.3333333333333 365 1000 33.0427300404251 0 0 5.13615233584197 305.275206202816 17.7173557261468 166.531282079716 0 0 0.831934661532486 0.781496539772455 500
12 3.05015830097225 0.000273972602739726 0.5 0.0714285714285714 31.3333333333333 365 1000 32.211157157748 0 0 0 365 10.0362592182976 253.455125346803 0 0 0.906048459613228 0.872174326932445 500
13 14.4782900570037 0.00273972602739726 0.5 0.0714285714285714 46.5 365 1000 47.692661790201 0 0 19.4112750779887 193.892627589975 30.3880599091384 123.859748709924 0 0 0.552153967855728 0.486936864311137 500
14 7.272072225194 0.0010958904109589 0.5 0.0714285714285714 46.5 365 1000 47.8197807851099 0 0 17.7437496635473 227.018879601996 31.3843246325751 136.570724017182 0 0 0.721544107281382 0.659222264702788 500
15 3.94813707661431 0.000547945205479452 0.5 0.0714285714285714 46.5 365 1000 46.8611917189467 0 0 6.12698811039665 319.126190843689 25.5915273877732 180.050252050248 0 0 0.828960523135577 0.78043604520583 500
16 2.05957078818347 0.000273972602739726 0.5 0.0714285714285714 46.5 365 1000 47.2655154082321 0 0 0 365 12.8906793846836 270.192505189727 0 0 0.904004002444609 0.871967372622191 500
17 11.1408934294673 0.00273972602739726 0.5 0.0714285714285714 61.6666666666667 365 1000 60.7740165442209 0 0 24.546254204654 209.024305844098 39.6462042190922 138.959213735959 0 0 0.54109512202708 0.482503027552144 500
18 5.52884249045798 0.0010958904109589 0.5 0.0714285714285714 61.6666666666667 365 1000 62.5831575929203 0 0 21.9413500199629 242.399283628036 40.8576257420621 151.663502590847 0 0 0.715631462298682 0.656852054935689 500
19 2.9894437874909 0.000547945205479452 0.5 0.0714285714285714 61.6666666666667 365 1000 61.8942587166893 0 0 5.82278424783504 333.92719550902 32.8962453673782 194.787369558324 0 0 0.825660803148312 0.779473877632044 500
20 1.55624968184934 0.000273972602739726 0.5 0.0714285714285714 61.6666666666667 365 1000 65.2293807088406 0 0 0 365 14.9002304188687 287.539319020309 0 0 0.901586271480305 0.8716276043393 500
21 9.12344142553099 0.00273972602739726 0.5 0.0714285714285714 76.8333333333333 365 1000 78.3426779274106 0 0 27.9348907697911 224.199276799032 48.0002095470488 154.021938402933 0 0 0.530341513038918 0.477853009070847 500
22 4.47402673918379 0.0010958904109589 0.5 0.0714285714285714 76.8333333333333 365 1000 80.3918807088406 0 0 23.9359765642328 261.833338040172 48.6388133003227 170.281136367404 0 0 0.708364095570844 0.654516392538502 500
23 2.40926393966306 0.000547945205479452 0.5 0.0714285714285714 76.8333333333333 365 1000 76.8976053627017 0 0 3.80853578354041 348.883898692217 39.4513941270833 209.716150200604 0 0 0.822349561905962 0.778856668807432 500
24 1.25164025532701 0.000273972602739726 0.5 0.0714285714285714 76.8333333333333 365 1000 81.1108038549764 0 0 0 365 15.2416945743398 304.477762665025 0 0 0.89972533116104 0.871304875035096 500
25 7.77313224175944 0.00273972602739726 0.5 0.0714285714285714 92 365 1000 92.8542001168707 0 0 31.0484569594551 239.714990757712 55.5930844429387 169.216006323723 0 0 0.519830644918017 0.472542401833193 500
26 3.76715931839113 0.0010958904109589 0.5 0.0714285714285714 92 365 1000 92.7454608960899 0 0 26.7602331197802 274.238067313207 57.7831060242703 181.805785773924 0 0 0.704002796245054 0.652164128283635 500
27 2.0203979493208 0.000547945205479452 0.5 0.0714285714285714 92 365 1000 92.0457054866315 0 0 0.280278308807028 364.169404528963 44.9912245738184 224.925172140659 0 0 0.818917664792168 0.777842377421682 500
28 1.04746662344524 0.000273972602739726 0.5 0.0714285714285714 92 365 1000 96.2962615885008 0 0 0 365 14.6466951988075 318.215868678025 0 0 0.897849030562024 0.870886593200984 500
29 6.80671226377708 0.00273972602739726 0.5 0.0714285714285714 107.166666666667 365 1000 105.425728918955 0 0 33.0145262799121 255.869775497813 62.1665737765677 184.242145992564 0 0 0.509645733854351 0.46731392589093 500
30 3.26051095560605 0.0010958904109589 0.5 0.0714285714285714 107.166666666667 365 1000 107.157698652973 0 0 27.3134278645943 289.317751413529 64.2327385001588 196.947763825358 0 0 0.698306596411518 0.649944039421532 500
31 1.74161924717048 0.000547945205479452 0.5 0.0714285714285714 107.166666666667 365 1000 107.799118002609 0 0 0 365 48.5274000186279 241.900303316564 0 0 0.815041221735806 0.776759528516737 500
32 0.90108652808824 0.000273972602739726 0.5 0.0714285714285714 107.166666666667 365 1000 108.522207042036 0 0 0 365 13.2617469551168 331.527923699468 0 0 0.896678687543201 0.870634418867764 500
33 6.08139647026223 0.00273972602739726 0.5 0.0714285714285714 122.333333333333 365 1000 123.534804036883 0 0 33.8206098167091 272.477952084484 68.6675027811096 199.421607182108 0 0 0.499692575557416 0.46115144340161 500
34 2.87961320964456 0.0010958904109589 0.5 0.0714285714285714 122.333333333333 365 1000 123.365798100889 0 0 26.0240602305697 304.543412006709 71.1124993851906 213.101981651792 0 0 0.692622917315848 0.647597981811246 500
35 1.53198255962705 0.000547945205479452 0.5 0.0714285714285714 122.333333333333 365 1000 122.325630424153 0 0 0 365 52.0777165535031 256.707976380288 0 0 0.812319997571072 0.776068548725564 500
36 0.791004553031884 0.000273972602739726 0.5 0.0714285714285714 122.333333333333 365 1000 125.128487667107 0 0 0 365 7.46162677162585 348.305065743897 0 0 0.894485870329591 0.870235945051247 500
37 5.51739787919966 0.00273972602739726 0.5 0.0714285714285714 137.5 365 1000 139.560738642956 0 0 33.295133804061 287.729537289464 72.9769379073546 214.513125171992 0 0 0.490049835539225 0.455198463969166 500
38 2.58285401215144 0.0010958904109589 0.5 0.0714285714285714 137.5 365 1000 137.00601101212 0 0 23.4849361989755 319.733770159028 75.2662138568399 227.176943591861 0 0 0.68702639240343 0.64526015199478 500
39 1.3686081639082 0.000547945205479452 0.5 0.0714285714285714 137.5 365 1000 137.830545539291 0 0 0 365 53.684580280226 273.235743073564 0 0 0.808932050904795 0.775089626761405 500
40 0.705209320233741 0.000273972602739726 0.5 0.0714285714285714 137.5 365 1000 137.488223331634 0 0 0 365 1.47345628402561 360.3354236129 0 0 0.893291669599623 0.870157688460706 500
41 5.06663485743352 0.00273972602739726 0.5 0.0714285714285714 152.666666666667 365 1000 152.257022476164 0 0 30.5518333251318 303.014318407416 77.3320611410066 229.907803528756 0 0 0.480597694806632 0.449222312486248 500
42 2.34515708940201 0.0010958904109589 0.5 0.0714285714285714 152.666666666667 365 1000 153.440374517163 0 0 17.8516652431829 334.903725137323 79.498937402302 242.634671043943 0 0 0.681491722182241 0.642937979940261 500
43 1.23770827928413 0.000547945205479452 0.5 0.0714285714285714 152.666666666667 365 1000 152.860463251037 0 0 0 365 53.372504291833 288.247637438516 0 0 0.805660880500508 0.774163308502768 500
44 0.636462532002668 0.000273972602739726 0.5 0.0714285714285714 152.666666666667 365 1000 152.991938217655 0 0 0 365 0 365 0 0 0.891370469846452 0.869810701840592 500
45 4.69840547035221 0.00273972602739726 0.5 0.0714285714285714 167.833333333333 365 1000 164.292167433631 0 0 27.5058326757096 318.15985936793 80.3273173908437 245.61218254254 0 0 0.471448844719133 0.443358995995283 500
46 2.15051047615671 0.0010958904109589 0.5 0.0714285714285714 167.833333333333 365 1000 168.782533128026 0 0 10.7730603932905 350.061651173795 81.2857753751156 259.769886270179 0 0 0.676011024896336 0.640682348813791 500
47 1.13047898998341 0.000547945205479452 0.5 0.0714285714285714 167.833333333333 365 1000 167.853270425312 0 0 0 365 50.4691073225095 303.153359390564 0 0 0.80245062620642 0.773292598531283 500
48 0.580142316023797 0.000273972602739726 0.5 0.0714285714285714 167.833333333333 365 1000 167.813099880342 0 0 0 365 0 365 0 0 0.889612947901248 0.869227871297743 500
49 4.39218551599193 0.00273972602739726 0.5 0.0714285714285714 183 365 1000 178.457876959637 0 0 21.2832923935058 333.201321296428 81.0535011952706 262.412417062532 0 0 0.462519316161362 0.4375537456089 500
50 1.98821035869273 0.0010958904109589 0.5 0.0714285714285714 183 365 1000 182.500627887609 0 0 0 365 81.0660158328413 274.382087181083 0 0 0.670598083331399 0.638343866459556 500
51 1.04103498239155 0.000547945205479452 0.5 0.0714285714285714 183 365 1000 184.048335129255 0 0 0 365 42.0961157308168 318.646079241013 0 0 0.798878110830485 0.772442957242105 500
52 0.533159005371091 0.000273972602739726 0.5 0.0714285714285714 183 365 1000 183.332247075199 0 0 0 365 0 365 0 0 0.887669849725761 0.869282389407348 500
53 4.13373377006449 0.00273972602739726 0.5 0.0714285714285714 198.166666666667 365 1000 193.307303761906 0 0 12.2006872509747 348.412245316742 79.0634427771414 278.848627421524 0 0 0.453816511379698 0.431818127096237 500
54 1.85082978049808 0.0010958904109589 0.5 0.0714285714285714 198.166666666667 365 1000 197.54011974077 0 0 0 365 80.2112852698405 289.641600955171 0 0 0.665240901091083 0.636035451686168 500
55 0.965292670382062 0.000547945205479452 0.5 0.0714285714285714 198.166666666667 365 1000 197.810894927577 0 0 0 365 36.0186401924948 332.776184911148 0 0 0.795886135232528 0.771450568393911 500
56 0.493368802551149 0.000273972602739726 0.5 0.0714285714285714 198.166666666667 365 1000 199.546822418787 0 0 0 365 0 365 0 0 0.885629088080181 0.868955469893605 500
57 3.9128585877143 0.00273972602739726 0.5 0.0714285714285714 213.333333333333 365 1000 209.501027067175 0 0 1.25005600876499 363.728183717447 76.8613153584809 294.092422168387 0 0 0.445343375459698 0.426076868279388 500
58 1.73305382194388 0.0010958904109589 0.5 0.0714285714285714 213.333333333333 365 1000 212.259606861688 0 0 0 365 74.8523249321987 304.832821135093 0 0 0.659949175268185 0.633679248959926 500
59 0.900329737498591 0.000547945205479452 0.5 0.0714285714285714 213.333333333333 365 1000 212.616614974638 0 0 0 365 23.4167410414052 347.765090944175 0 0 0.792641009434662 0.770553215058725 500
60 0.459237552478334 0.000273972602739726 0.5 0.0714285714285714 213.333333333333 365 1000 212.171422499982 0 0 0 365 0 365 0 0 0.883858853032969 0.868555697566405 500
61 3.72207395518589 0.00273972602739726 0.5 0.0714285714285714 228.5 365 1000 224.400747610501 0 0 0 365 67.5478785488378 309.252809052099 0 0 0.437116977017292 0.420643165539567 500
62 1.63097866901556 0.0010958904109589 0.5 0.0714285714285714 228.5 365 1000 229.199268191721 0 0 0 365 66.4673785341439 320.019358888078 0 0 0.654732092260678 0.63135342696693 500
63 0.843999741112573 0.000547945205479452 0.5 0.0714285714285714 228.5 365 1000 228.156544697458 0 0 0 365 0.599384922608155 363.648478569262 0 0 0.789243144537037 0.769569738897121 500
64 0.429638417678603 0.000273972602739726 0.5 0.0714285714285714 228.5 365 1000 228.012903022716 0 0 0 365 0 365 0 0 0.882254560625744 0.868172829439962 500
65 3.55575745405182 0.00273972602739726 0.5 0.0714285714285714 243.666666666667 365 1000 246.513664988219 0 0 0 365 58.5789719479312 323.875029135369 0 0 0.429265881150114 0.414933148034415 500
66 1.54167245254597 0.0010958904109589 0.5 0.0714285714285714 243.666666666667 365 1000 244.763946638723 0 0 0 365 53.2422827092562 334.916011274005 0 0 0.649646868446288 0.628897915844139 500
67 0.794690646902363 0.000547945205479452 0.5 0.0714285714285714 243.666666666667 365 1000 239.330444268995 0 0 0 365 0 365 0 0 0.785756394670413 0.768736517793553 500
68 0.403725113916554 0.000273972602739726 0.5 0.0714285714285714 243.666666666667 365 1000 239.943479663422 0 0 0 365 0 365 0 0 0.88011524021454 0.868091218794171 500
69 3.40960426658171 0.00273972602739726 0.5 0.0714285714285714 258.833333333333 365 1000 261.687773495495 0 0 0 365 46.9839572834405 337.155836556366 0 0 0.422017913972359 0.409380411422345 500
70 1.46289048653394 0.0010958904109589 0.5 0.0714285714285714 258.833333333333 365 1000 260.147881329032 0 0 0 365 31.3539964101587 349.321619209828 0 0 0.644824551887479 0.626841479596781 500
71 0.751168257198677 0.000547945205479452 0.5 0.0714285714285714 258.833333333333 365 1000 258.665022207912 0 0 0 365 0 365 0 0 0.783473077982421 0.767768843037521 500
72 0.380849713335416 0.000273972602739726 0.5 0.0714285714285714 258.833333333333 365 1000 258.141884628148 0 0 0 365 0 365 0 0 0.878750099595777 0.867776149263505 500
73 3.28026251530504 0.00273972602739726 0.5 0.0714285714285714 274 365 1000 270.338347141478 0 0 0 365 29.1498771207047 351.203400254847 0 0 0.414689910739536 0.403961723533871 500
74 1.39288508059846 0.0010958904109589 0.5 0.0714285714285714 274 365 1000 270.345619291159 0 0 0 365 1.21908083229674 364.48978246343 0 0 0.639996486561488 0.624398500606432 500
75 0.712471639405101 0.000547945205479452 0.5 0.0714285714285714 274 365 1000 270.160605144189 0 0 0 365 0 365 0 0 0.779931088191611 0.766976154255118 500
76 0.360507746554209 0.000273972602739726 0.5 0.0714285714285714 274 365 1000 273.345293854739 0 0 0 365 0 365 0 0 0.87693813713582 0.867124957051303 500
77 3.16508336045875 0.00273972602739726 0.5 0.0714285714285714 289.166666666667 365 1000 281.919459839612 0 0 0 365 0 365 0 0 0.407393019357791 0.398628443345293 500
78 1.33027520396081 0.0010958904109589 0.5 0.0714285714285714 289.166666666667 365 1000 285.612273373062 0 0 0 365 0 365 0 0 0.634928441342343 0.622049882981765 500
79 0.677841462823434 0.000547945205479452 0.5 0.0714285714285714 289.166666666667 365 1000 287.672316329331 0 0 0 365 0 365 0 0 0.776887963149722 0.765937574744515 500
80 0.342300580992539 0.000273972602739726 0.5 0.0714285714285714 289.166666666667 365 1000 286.376053839117 0 0 0 365 0 365 0 0 0.875087970926205 0.86706147179476 500
81 3.06194582202921 0.00273972602739726 0.5 0.0714285714285714 304.333333333333 365 1000 281.4259476187 0 0 0 365 0 365 0 0 0.399933169471619 0.39325936858139 500
82 1.27395512175235 0.0010958904109589 0.5 0.0714285714285714 304.333333333333 365 1000 296.419690078698 0 0 0 365 0 365 0 0 0.629938891857338 0.619813065654635 500
83 0.646669763788671 0.000547945205479452 0.5 0.0714285714285714 304.333333333333 365 1000 299.433302653844 0 0 0 365 0 365 0 0 0.773619960780159 0.764949487294079 500
84 0.32590904861196 0.000273972602739726 0.5 0.0714285714285714 304.333333333333 365 1000 299.81370936542 0 0 0 365 0 365 0 0 0.873268967324462 0.866828832659803 500
85 2.96913149614209 0.00273972602739726 0.5 0.0714285714285714 319.5 365 1000 292.53447201251 0 0 0 365 0 365 0 0 0.392833977593157 0.387960231974947 500
86 1.22302905353252 0.0010958904109589 0.5 0.0714285714285714 319.5 365 1000 308.372680556869 0 0 0 365 0 365 0 0 0.625002115885884 0.61733188294467 500
87 0.618464018699803 0.000547945205479452 0.5 0.0714285714285714 319.5 365 1000 315.83776868499 0 0 0 365 0 365 0 0 0.770698462919925 0.764124595852902 500
88 0.311074585004874 0.000273972602739726 0.5 0.0714285714285714 319.5 365 1000 310.41921864994 0 0 0 365 0 365 0 0 0.871445604935346 0.866470923859654 500
89 2.8852333377541 0.00273972602739726 0.5 0.0714285714285714 334.666666666667 365 1000 285.511084367737 0 0 0 365 0 365 0 0 0.385958333224839 0.382782592903095 500
90 1.1767635989632 0.0010958904109589 0.5 0.0714285714285714 334.666666666667 365 1000 323.499178059417 0 0 0 365 0 365 0 0 0.620115566654405 0.614935807712701 500
91 0.59282098603727 0.000547945205479452 0.5 0.0714285714285714 334.666666666667 365 1000 321.180825559869 0 0 0 365 0 365 0 0 0.767428442691423 0.763142700253105 500
92 0.297585496998097 0.000273972602739726 0.5 0.0714285714285714 334.666666666667 365 1000 330.443909233337 0 0 0 365 0 365 0 0 0.869876378181289 0.866250888573283 500
93 2.80908817127071 0.00273972602739726 0.5 0.0714285714285714 349.833333333333 365 1000 270.337048314016 0 0 0 365 0 365 0 0 0.379279279796231 0.377628020541091 500
94 1.13455253870117 0.0010958904109589 0.5 0.0714285714285714 349.833333333333 365 1000 315.36932735851 0 0 0 365 0 365 0 0 0.615318826756192 0.612603951902529 500
95 0.569407352696035 0.000547945205479452 0.5 0.0714285714285714 349.833333333333 365 1000 345.025359350052 0 0 0 365 0 365 0 0 0.764563912005635 0.762101747301787 500
96 0.285266802380514 0.000273972602739726 0.5 0.0714285714285714 349.833333333333 365 1000 339.018655545079 0 0 0 365 0 365 0 0 0.868057731189972 0.866122341202943 500
97 2.73972602739726 0.00273972602739726 0.5 0.0714285714285714 365 365 1000 2.47355277979966 0 0 0 365 0 365 0 0 0.372509967461742 0.372314104427574 500
98 1.0958904109589 0.0010958904109589 0.5 0.0714285714285714 365 365 1000 3.4289059589009 0 0 0 365 0 365 0 0 0.610511342104436 0.610351201140551 500
99 0.547945205479452 0.000547945205479452 0.5 0.0714285714285714 365 365 1000 270.362536328986 0 0 0 365 0 365 0 0 0.761635730162441 0.761371998306507 500
100 0.273972602739726 0.000273972602739726 0.5 0.0714285714285714 365 365 1000 1.45078408932396 0 0 0 365 0 365 0 0 0.865726485723691 0.865618923747205 500
